482	485
257	326
286	248
517	421
404	322
713	795
45	43
924	845
873	955
160	252
1	9
838	901
40	122
58	94
676	738
627	574
766	715
862	882
405	367
923	984
379	299
461	433
612	682
133	72
813	874
97	138
908	856
165	145
996	995
623	529
220	199
298	277
157	97
723	719
144	242
48	107
129	122
148	70
35	98
644	600
632	645
272	267
1040	972
977	895
312	213
778	748
567	487
965	923
1	29
616	674
569	540
628	554
493	467
76	46
733	710
575	553
288	191
775	724
723	730
912	988
64	90
354	340
565	549
210	196
922	865
775	678
566	570
934	936
626	722
742	651
194	123
485	431
483	508
617	585
876	853
653	642
896	992
652	725
220	286
727	812
900	859
563	663
56	88
157	179
280	187
537	619
284	261
920	846
124	192
239	261
459	514
931	886
504	530
910	849
382	294
795	799
485	391
351	330
289	298
865	790
208	204
469	448
698	654
867	863
896	928
330	294
875	801
620	608
731	769
144	70
18	8
230	183
628	696
706	616
591	561
868	801
535	481
324	396
1060	997
462	458
648	737
867	844
571	656
331	331
447	465
109	132
73	70
573	636
794	810
259	171
431	398
880	800
279	240
601	617
659	744
75	109
493	448
606	553
203	160
93	59
444	451
900	902
816	730
535	634
823	731
75	47
318	358
496	526
629	659
727	668
553	507
695	652
303	289
427	464
555	581
674	588
958	909
116	31
382	472
13	54
307	209
30	87
240	180
260	303
933	880
850	840
399	465
60	115
741	720
235	270
743	722
306	378
833	906
752	803
794	892
571	557
582	615
634	551
825	837
252	183
786	866
34	122
697	599
341	422
176	226
86	38
237	284
573	640
646	630
745	775
422	497
531	489
951	977
556	572
755	700
1	57
44	117
951	853
299	264
167	128
336	274
631	571
112	61
571	658
539	535
696	792
655	560
314	370
539	584
927	889
1	6
423	466
1017	919
205	139
305	383
1	27
904	896
989	911
564	628
850	933
168	176
273	254
180	279
529	589
433	407
71	127
888	933
180	126
542	624
493	462
642	596
959	970
351	382
481	516
973	895
702	760
507	423
64	35
170	223
590	517
308	258
928	888
441	489
93	20
932	898
422	345
966	876
824	776
961	938
687	663
839	825
812	751
115	112
333	235
25	99
522	622
226	276
608	689
646	567
518	473
349	327
907	833
215	162
710	761
992	894
430	355
433	359
983	941
655	719
279	240
292	320
1026	972
386	305
1	22
559	578
439	471
268	237
719	730
782	739
222	201
923	872
656	580
537	461
676	664
323	264
834	808
341	306
479	435
120	69
251	290
385	479
129	91
44	71
250	294
482	459
736	668
806	844
300	375
957	879
469	467
414	345
642	693
524	467
172	100
182	141
313	291
586	670
809	781
1	46
62	59
363	357
117	100
404	493
702	661
270	206
199	254
271	310
451	425
219	258
389	407
638	614
327	313
988	901
576	496
419	350
33	121
751	795
588	617
491	439
79	104
853	795
189	141
624	525
409	414
136	45
729	762
670	749
522	518
690	637
1039	976
321	416
606	523
217	247
852	759
443	416
719	644
365	395
305	379
243	216
597	657
823	792
527	497
975	934
36	5
897	970
621	657
1047	994
301	348
305	309
468	539
743	798
935	932
242	145
961	868
1003	909
857	869
964	902
757	768
770	717
124	211
992	919
897	919
786	703
273	240
628	617
307	386
954	860
651	556
387	290
194	220
457	527
77	39
977	972
508	555
621	655
584	579
294	329
484	581
441	507
59	156
549	462
31	46
139	166
745	665
905	865
930	926
264	218
850	898
414	493
771	805
492	415
452	464
938	874
876	895
674	748
377	437
366	429
503	543
853	861
845	878
259	355
310	383
642	716
151	184
1	28
88	128
640	725
915	940
874	889
626	530
1	53
683	723
949	876
774	754
852	940
196	116
566	658
843	755
289	253
363	395
1064	993
620	663
746	667
289	313
450	548
356	413
684	724
628	648
657	700
486	434
185	223
81	157
1	6
58	145
904	935
368	294
963	913
683	629
575	495
557	652
109	110
644	596
787	757
389	424
568	488
318	339
717	713
642	654
1	52
571	606
986	916
611	678
714	775
1009	974
213	275
286	384
797	796
529	594
684	716
816	829
541	517
416	513
490	454
408	459
745	655
577	652
439	482
384	383
741	840
164	238
544	533
900	849
767	834
843	797
718	693
930	997
448	351
390	376
965	946
766	671
512	444
629	648
282	260
439	387
280	272
627	537
1026	945
400	420
424	460
73	144
419	486
664	586
300	280
427	337
317	354
994	936
498	539
998	954
661	675
628	696
356	354
54	17
1029	938
1	58
899	851
329	355
208	139
377	454
579	519
1	4
75	139
89	134
556	498
1	13
888	883
208	110
932	872
301	246
37	68
597	685
275	192
850	834
818	810
167	211
764	698
383	415
48	50
136	131
825	762
985	893
47	29
111	144
819	764
465	532
63	101
665	593
362	432
812	880
857	773
668	646
93	77
711	694
245	227
293	194
390	359
417	374
337	431
385	313
876	794
74	24
380	387
488	425
691	758
109	81
224	290
562	546
630	691
504	421
799	714
862	800
40	116
438	460
840	852
744	677
663	694
646	567
773	753
517	561
698	743
337	257
480	540
321	308
257	345
1	40
664	732
680	768
1	22
93	170
286	384
222	185
525	427
229	251
377	355
135	110
5	30
821	795
585	671
1000	943
82	74
576	482
497	556
625	709
714	687
181	132
960	961
410	434
328	298
692	716
469	490
612	515
252	352
247	300
418	513
650	581
15	25
620	581
929	906
1042	969
234	150
553	479
545	578
495	544
165	121
969	919
874	825
170	105
747	735
707	736
785	882
384	328
838	742
281	356
940	952
47	110
279	201
60	66
62	25
594	613
792	825
432	351
263	188
737	778
595	523
224	270
524	620
811	891
362	302
492	482
340	404
578	641
379	395
426	441
107	50
1048	965
910	877
466	408
158	150
877	971
537	537
177	91
422	505
164	171
364	388
157	187
233	304
142	61
664	585
276	247
713	713
705	770
790	714
309	406
242	251
929	896
378	380
514	481
459	375
451	388
303	293
307	275
567	546
742	766
896	855
362	282
811	770
277	186
1	44
949	965
810	823
728	700
488	409
777	853
470	449
779	832
380	437
367	406
347	398
550	465
740	689
878	821
575	627
837	831
126	93
531	574
301	215
977	933
108	56
36	127
975	952
395	333
349	351
991	934
805	735
147	103
930	848
861	808
296	320
504	483
738	780
891	953
65	16
901	955
124	95
167	178
508	416
132	99
560	597
316	227
784	697
668	618
848	941
511	527
12	95
623	656
442	351
37	68
426	351
52	96
312	239
730	810
1075	994
767	765
220	281
581	657
884	786
108	190
761	821
822	733
622	682
538	635
363	362
543	539
917	872
399	383
732	748
364	443
828	868
218	278
196	279
479	509
665	624
840	918
341	371
207	294
294	319
569	575
145	128
1	74
275	359
399	389
289	313
29	1
592	649
64	114
497	419
432	396
944	998
182	214
260	196
279	294
453	553
163	225
688	718
144	173
260	161
1027	957
106	67
853	759
980	909
536	566
451	392
729	808
565	544
475	555
753	843
762	664
107	124
899	988
750	655
180	159
653	697
647	602
540	500
285	369
743	822
393	431
240	167
881	889
783	767
178	152
396	349
134	217
1043	958
596	626
644	670
750	682
665	735
968	998
393	411
480	428
535	455
307	365
733	718
365	436
293	358
94	94
425	460
722	717
532	511
902	909
59	139
143	49
285	237
503	555
404	502
714	719
239	326
158	226
279	302
177	268
738	801
443	399
1	40
1	43
395	305
405	488
359	339
351	335
954	961
649	630
699	680
610	638
779	695
104	154
202	266
413	477
649	587
911	936
108	22
632	576
59	94
69	16
366	353
305	400
303	333
646	738
28	22
973	900
390	358
443	359
838	911
850	947
145	48
400	333
413	457
300	310
630	620
468	393
664	746
249	312
590	559
1	35
176	228
328	415
206	199
373	375
59	89
860	906
253	348
42	81
414	374
327	410
658	638
320	277
681	602
308	275
517	499
499	510
207	270
482	498
429	416
658	724
952	906
836	811
436	428
1010	930
1020	925
225	300
641	581
961	970
644	700
878	851
631	532
93	148
408	493
991	909
82	149
430	512
48	41
818	902
804	893
713	776
340	340
412	343
977	949
754	736
238	322
130	208
280	326
538	551
270	338
172	220
407	380
381	453
70	4
691	721
603	652
616	709
447	364
827	727
600	607
473	386
772	798
747	782
504	471
104	139
808	858
681	586
236	239
609	624
633	647
375	384
589	517
656	572
74	137
512	512
917	953
604	595
119	116
1085	994
302	213
745	763
1041	984
556	507
314	348
224	252
861	917
747	727
304	356
288	330
890	862
922	894
897	798
585	551
482	496
218	225
316	243
249	219
571	649
271	331
476	566
407	494
817	739
663	658
152	238
123	146
163	112
764	700
775	786
548	595
427	357
78	13
155	85
1016	1000
104	8
452	533
126	225
49	33
217	236
784	836
507	486
870	847
316	313
540	606
79	35
426	428
1	36
120	62
97	44
744	789
741	698
71	134
819	755
592	671
323	315
232	135
652	564
95	27
105	24
407	377
324	332
270	186
301	315
610	601
963	891
716	731
606	537
737	698
78	140
772	842
481	536
452	390
479	522
261	352
233	155
368	372
617	627
124	191
766	779
123	185
816	766
99	20
598	557
154	168
1015	990
401	437
406	376
808	836
568	518
519	619
969	965
442	483
401	340
361	343
745	655
209	194
738	672
995	901
830	859
37	61
344	331
421	509
1016	966
654	613
373	362
854	767
895	811
519	553
419	355
980	948
439	460
441	488
249	197
720	770
247	182
86	139
801	865
1	46
176	199
442	349
211	220
1029	952
607	601
847	900
249	276
871	916
116	134
419	495
299	225
557	462
390	339
1028	967
248	179
710	722
479	415
199	144
888	952
599	555
875	851
86	175
585	557
680	617
728	719
141	48
722	641
842	927
781	794
766	825
905	858
527	607
637	697
815	768
1055	977
240	193
87	138
322	362
1019	978
557	541
559	654
946	851
794	770
676	597
958	937
808	860
748	834
678	725
419	399
145	189
1027	955
207	132
692	735
833	913
752	665
189	250
748	657
345	374
981	953
582	674
783	841
572	644
477	572
576	655
374	315
561	555
124	156
698	736
157	247
339	439
850	796
630	613
903	932
559	581
261	162
114	113
567	526
308	229
408	390
487	560
690	601
540	479
738	802
298	256
1043	949
704	720
384	377
929	929
376	354
293	380
333	353
825	919
139	59
513	435
599	595
1056	988
165	221
1	54
185	136
266	224
781	750
414	368
147	227
500	411
47	112
182	143
748	667
420	335
69	157
323	289
620	663
1063	976
353	322
628	570
343	274
4	93
204	173
393	402
648	678
1	78
382	465
589	513
713	627
691	740
142	126
845	843
214	248
409	425
561	553
309	235
763	673
511	426
734	695
8	51
645	552
739	716
1002	960
211	236
740	745
21	56
264	285
334	326
113	209
730	655
567	560
855	766
382	424
640	720
284	262
400	327
775	769
843	775
903	933
63	83
874	807
69	149
710	808
22	25
995	928
241	156
951	904
69	102
341	379
604	641
502	426
270	293
635	675
1	34
755	765
667	689
333	427
590	608
239	250
274	328
1073	985
467	532
87	44
357	263
28	109
180	218
351	344
643	546
981	920
326	354
666	579
752	826
393	391
509	444
209	248
266	206
448	352
869	889
688	657
1	29
951	994
191	207
232	259
872	968
670	758
1	51
738	652
384	386
234	233
273	221
887	974
14	33
694	705
168	105
173	179
380	436
144	102
519	491
316	304
176	172
436	368
899	815
579	580
1	13
410	405
548	600
392	432
891	852
791	698
853	862
554	532
195	285
857	854
825	924
693	663
955	998
571	487
294	244
630	694
752	685
831	774
186	238
716	783
452	463
107	159
483	570
919	915
873	800
583	647
136	66
526	534
53	25
418	367
652	714
97	124
858	818
573	584
77	65
114	132
695	606
946	950
1	47
1024	958
49	27
158	254
347	287
918	966
518	561
505	537
282	276
127	184
677	680
744	841
694	685
204	284
349	292
615	705
701	602
173	217
341	426
732	807
371	302
909	915
255	298
849	827
521	525
60	86
945	964
73	39
2	101
492	562
852	933
454	406
936	958
92	143
1	33
362	350
915	860
237	256
1054	976
351	392
728	777
351	298
941	883
356	381
780	877
142	203
356	405
321	240
694	680
528	485
349	276
841	744
566	524
774	850
234	230
465	540
25	5
329	287
128	127
380	463
545	538
952	986
334	271
818	779
98	123
50	46
545	542
668	768
1065	985
918	939
150	80
500	461
442	422
473	422
498	408
1027	950
429	415
727	692
895	968
421	349
685	761
1033	957
693	689
476	574
148	85
574	546
261	275
701	734
542	476
135	157
251	283
1052	957
614	709
264	339
264	308
673	750
663	708
325	330
724	776
370	444
1028	946
539	461
676	678
172	229
855	769
438	381
1	19
369	344
260	262
903	943
436	418
456	360
991	983
802	802
526	542
947	984
661	597
509	535
458	525
192	278
76	73
429	433
304	332
519	546
264	183
922	829
48	31
467	509
879	847
517	544
101	39
463	420
214	121
126	37
762	859
276	349
406	478
937	854
925	922
703	791
1064	996
915	984
809	797
42	3
66	56
49	105
326	423
257	246
115	138
966	995
483	518
737	782
264	294
928	872
1	25
939	979
883	872
292	269
726	729
473	557
239	260
729	745
830	882
580	506
698	645
708	661
847	881
746	839
674	755
330	345
500	522
640	715
506	569
605	532
194	171
684	764
162	233
1	43
287	250
607	571
333	283
747	780
934	916
1044	988
610	599
78	176
800	749
221	172
898	887
742	779
97	190
837	900
777	703
278	201
873	799
622	565
947	998
536	529
356	299
492	587
755	844
702	611
703	680
536	555
313	252
405	443
464	478
231	150
938	897
729	701
843	805
565	526
288	282
402	321
856	793
229	262
219	239
493	502
173	271
2	100
427	491
251	304
353	367
340	264
756	842
581	571
350	449
710	628
555	594
142	175
151	146
474	435
591	635
607	580
89	38
1039	995
452	449
486	453
595	517
606	541
199	214
34	23
727	712
527	626
797	882
654	656
851	794
344	253
586	597
808	858
667	761
236	173
662	713
881	895
793	819
461	417
339	386
255	252
326	332
568	652
935	983
102	151
225	140
189	232
248	168
718	627
149	219
522	557
886	878
744	752
254	317
283	322
73	67
234	291
486	581
492	579
146	52
72	41
832	885
845	794
832	806
662	602
225	142
413	403
124	114
733	807
836	872
691	611
304	297
703	754
496	448
823	842
789	698
143	64
279	289
420	379
382	289
747	727
385	469
765	729
836	743
167	114
330	331
550	530
771	734
573	506
911	936
246	309
966	883
505	460
250	191
76	45
585	580
799	839
335	395
561	541
330	234
779	820
290	370
864	923
182	262
922	822
100	49
960	983
97	148
292	314
503	516
752	746
432	340
167	157
249	252
533	449
221	150
440	474
861	864
953	994
496	419
1	51
466	463
1008	940
384	433
101	61
595	626
861	896
731	709
611	558
821	812
230	259
359	407
447	368
650	651
182	211
410	483
985	917
1051	966
784	856
845	901
218	234
226	286
661	746
780	705
477	558
419	399
951	959
597	690
175	242
652	558
600	628
1048	1000
156	158
805	759
976	928
489	566
14	49
383	344
300	393
929	870
1	40
224	167
433	368
329	328
426	425
114	17
780	817
586	628
438	437
375	346
1	49
710	708
310	376
694	707
507	433
751	692
956	926
687	780
168	194
1018	931
958	926
665	640
837	872
714	641
330	264
357	333
914	856
229	217
892	920
360	395
108	115
443	518
281	218
959	930
235	211
932	879
801	710
715	646
195	171
290	228
763	787
558	468
674	745
734	680
593	693
149	84
278	349
790	807
504	408
956	934
146	217
460	439
144	140
299	359
544	464
296	312
273	369
635	691
1068	992
1	38
735	650
337	410
358	338
720	651
19	100
463	541
547	519
864	887
15	109
793	831
166	266
780	866
887	879
834	894
279	250
808	902
938	940
704	760
306	294
502	415
231	217
826	889
108	193
476	428
403	316
1	9
711	685
147	213
833	856
954	896
678	698
59	123
570	565
509	554
619	535
106	64
146	160
725	754
806	856
712	689
15	38
769	802
621	591
778	851
341	247
154	243
551	584
50	143
93	68
763	821
480	488
116	118
919	999
540	613
292	375
713	687
771	789
294	270
1	8
252	222
169	124
247	162
1	14
594	540
493	415
1034	984
280	183
335	347
1060	983
857	853
972	922
119	152
906	977
366	316
696	730
581	529
198	228
194	248
477	450
200	223
49	105
273	215
486	568
439	451
264	211
47	118
99	68
483	465
215	151
1	1
389	335
136	185
817	770
397	465
402	478
876	827
357	263
558	517
982	991
33	8
234	248
57	4
710	737
855	870
784	786
733	807
233	141
798	714
620	659
763	849
901	920
251	324
727	741
169	136
577	640
707	672
891	962
610	555
830	733
360	282
194	199
424	491
251	287
768	798
778	723
360	268
121	60
747	735
843	823
256	235
806	769
869	893
932	971
909	996
61	141
522	563
926	918
572	517
614	670
495	507
112	37
111	84
857	813
275	373
55	70
395	470
918	998
713	657
748	698
352	295
950	926
522	529
878	973
939	872
926	966
675	681
1	3
702	761
915	823
486	512
380	323
326	333
232	157
522	438
1008	917
1011	986
91	157
843	830
27	45
306	312
784	728
99	139
682	735
773	703
855	896
878	828
798	747
524	499
809	728
311	217
33	72
390	313
346	390
142	221
86	82
96	153
719	786
25	124
874	893
411	419
431	454
1013	932
794	753
648	572
413	493
303	341
838	806
332	344
896	989
1079	979
783	847
878	951
110	135
1	88
853	825
802	722
718	764
529	540
527	562
936	868
988	927
873	783
167	252
353	379
724	679
457	443
1045	985
313	349
151	171
816	796
157	182
527	446
346	382
464	521
151	129
856	878
881	786
297	258
501	437
558	573
884	839
81	16
346	378
814	791
754	748
139	61
58	29
266	279
422	485
278	326
8	35
656	719
447	388
925	896
819	892
636	696
488	413
177	172
252	329
690	770
269	365
576	587
688	596
137	130
912	908
687	676
952	866
957	899
663	637
122	155
943	873
908	855
354	299
402	337
121	68
688	637
457	484
301	312
195	108
803	770
799	887
775	773
458	494
532	441
316	415
225	126
195	265
701	749
91	7
271	212
319	390
457	412
158	213
696	640
606	600
195	187
590	505
366	430
736	636
514	486
825	924
689	678
467	383
696	678
422	507
581	504
671	700
104	170
1011	988
570	597
483	445
598	545
814	886
376	307
769	863
720	636
404	386
815	719
132	112
906	886
924	933
646	593
806	762
336	269
620	717
853	861
1	7
521	496
625	610
322	311
120	164
125	48
439	476
158	243
928	888
50	137
442	513
847	780
310	404
860	912
962	910
42	138
758	784
164	233
397	354
505	560
687	787
761	690
280	299
61	144
457	386
48	1
633	610
422	418
734	715
575	571
855	827
639	686
259	311
279	244
739	803
932	998
295	218
1	37
898	851
297	318
815	728
415	390
411	452
356	445
154	72
1	26
426	442
280	235
636	570
665	639
469	458
759	795
514	522
252	229
661	693
805	760
284	252
738	828
676	581
522	425
845	784
383	352
222	285
181	206
303	357
222	158
18	35
449	410
428	471
892	870
210	223
59	89
445	378
816	904
68	43
717	777
293	366
148	137
483	522
1	18
504	595
1079	997
925	986
616	568
32	44
469	492
365	284
511	525
888	902
588	551
90	9
596	545
89	15
878	905
1011	940
117	52
648	625
520	512
767	756
553	632
102	30
224	290
147	48
180	177
133	147
725	651
534	571
1005	966
301	294
797	747
252	239
246	303
1	18
162	250
889	980
254	261
172	191
119	28
1040	961
122	58
467	546
455	452
736	762
1045	963
353	384
593	636
871	833
871	941
498	537
816	797
224	242
103	201
964	942
818	719
209	242
338	408
256	193
382	295
381	441
259	313
630	591
821	880
209	266
791	736
365	270
569	548
498	584
160	134
799	721
342	290
835	785
217	277
682	585
699	687
525	500
481	394
60	11
296	214
137	100
819	723
594	654
510	602
856	916
141	201
639	675
289	257
478	506
154	181
898	989
991	904
1031	942
752	747
106	121
919	971
110	161
594	523
268	348
196	243
492	536
588	533
588	489
851	823
1040	985
459	538
581	642
491	438
767	683
646	744
603	588
456	465
223	279
329	372
493	565
848	923
897	946
538	510
86	135
654	754
65	146
150	50
703	700
80	85
470	487
636	692
96	129
625	605
627	665
699	688
676	701
1	6
1014	966
796	825
626	633
665	589
1	51
64	31
584	597
469	470
180	215
538	557
599	656
799	863
594	576
828	781
450	383
985	918
409	407
368	463
765	712
57	24
591	656
766	715
619	572
206	193
729	680
744	819
863	815
580	554
367	384
221	307
795	805
430	371
158	81
427	378
526	469
799	719
821	727
38	32
314	223
319	292
847	759
323	408
649	647
198	146
739	658
109	29
685	769
854	953
648	618
468	374
194	173
242	205
188	194
252	195
573	642
406	355
288	328
505	599
770	860
839	939
701	660
93	54
765	863
422	389
705	632
270	270
943	979
447	350
503	551
15	47
69	32
575	650
602	631
153	157
281	241
10	33
117	81
982	962
722	627
374	380
909	902
613	550
98	116
1021	942
1034	953
959	969
1079	998
989	997
162	185
900	821
807	723
783	879
992	925
142	206
59	112
225	208
772	760
345	411
401	459
537	616
422	340
346	348
636	599
967	927
693	769
75	154
1	4
223	265
823	822
155	55
379	415
644	625
402	391
611	600
346	381
530	553
647	630
1068	986
479	534
298	250
513	423
230	230
274	203
745	668
847	767
150	229
472	438
426	460
353	326
233	302
610	668
836	861
906	895
661	669
737	667
878	889
893	869
968	931
427	374
996	943
62	86
831	890
1	62
645	604
402	465
1	15
461	528
261	339
757	785
614	672
591	691
369	455
470	473
162	190
909	960
121	102
150	151
411	370
441	378
938	973
1	27
635	712
677	606
374	456
747	750
1	16
918	961
545	456
562	565
243	210
902	926
548	476
667	630
147	127
830	839
881	979
469	480
167	181
638	665
242	294
595	524
346	377
55	18
991	960
920	959
732	779
567	508
821	887
309	223
246	239
760	745
1	26
1	12
799	721
22	94
823	810
865	854
39	133
776	866
882	875
1	67
946	870
294	214
269	266
771	840
287	276
360	410
774	707
516	428
169	202
511	525
1	36
210	205
746	770
443	380
872	835
235	204
515	508
444	357
187	125
880	837
692	744
778	833
133	142
116	205
556	640
431	412
624	719
987	917
396	296
473	530
445	352
704	710
297	311
948	866
460	412
1	12
846	829
590	524
1023	945
74	60
289	373
136	124
144	63
214	271
614	650
237	286
20	78
268	303
911	971
241	210
699	706
802	751
122	184
843	927
188	200
960	973
762	788
263	249
1	8
790	745
328	371
688	700
827	874
141	221
823	763
945	944
595	563
573	580
670	724
735	821
322	303
581	628
193	98
882	790
601	574
819	878
302	399
707	704
110	209
80	147
479	555
610	569
963	979
1007	966
203	238
7	19
156	130
255	262
1	10
713	768
895	820
485	450
657	587
35	77
725	765
312	301
936	856
199	272
428	485
743	793
295	393
751	828
571	604
899	910
449	399
774	817
478	502
1	35
786	700
341	284
883	798
716	668
529	589
339	378
417	470
423	427
14	31
158	179
277	351
249	252
357	259
433	464
672	617
636	644
1	50
90	35
1023	977
822	859
358	291
489	393
851	842
452	524
531	602
159	64
539	582
87	154
726	728
105	27
650	596
440	387
948	855
103	187
591	521
430	430
642	636
63	45
377	464
427	470
208	269
638	728
228	308
84	30
233	179
179	245
305	299
822	796
517	559
783	767
86	42
460	464
669	677
399	443
980	941
384	339
851	861
618	574
693	669
582	594
300	239
769	715
94	129
696	627
684	716
431	388
422	520
573	629
638	618
472	390
28	123
766	769
413	382
567	471
983	997
591	620
624	696
797	881
340	372
704	652
744	780
867	790
600	615
959	889
163	102
1	59
323	367
405	395
228	226
127	31
823	744
505	520
845	915
761	795
873	943
977	981
108	169
186	223
878	944
601	641
202	199
121	42
177	209
524	482
312	407
788	729
809	752
659	649
461	553
73	2
518	578
666	666
819	773
138	94
708	739
106	82
519	461
49	9
869	884
456	450
320	285
654	607
259	333
401	339
966	892
169	263
121	105
360	297
604	626
218	177
677	598
452	361
406	338
271	249
1040	980
292	236
270	271
839	803
784	851
888	988
907	920
590	599
558	559
215	308
193	173
163	212
20	45
632	618
421	329
605	638
783	725
281	182
362	336
259	185
282	359
426	458
527	608
595	557
743	776
643	609
375	401
300	258
868	956
610	625
730	687
930	987
494	467
124	27
823	836
390	429
97	38
301	392
144	208
1	22
1	16
678	627
246	155
488	392
675	615
650	691
293	199
770	813
454	409
280	327
619	616
1	42
923	970
550	490
924	949
500	437
369	354
315	246
445	438
419	409
376	281
55	51
270	292
550	630
783	739
294	248
618	697
253	153
871	971
332	297
296	226
634	727
2	35
199	224
161	76
837	824
759	804
35	81
283	288
793	725
247	214
425	521
925	871
658	632
67	142
442	392
332	280
469	470
514	471
199	153
602	535
380	461
200	275
432	439
534	525
733	680
304	249
617	688
512	468
640	664
537	438
1	43
298	257
615	562
543	589
248	155
204	218
37	117
238	161
849	939
103	168
97	178
137	144
444	441
774	748
75	156
681	759
901	901
904	994
920	928
385	426
1021	928
404	354
620	539
791	882
652	623
955	916
133	152
193	134
524	624
573	657
680	585
13	61
476	426
1	55
457	467
1015	952
635	662
480	387
928	924
478	386
564	633
868	965
926	902
507	505
797	729
1041	969
924	835
511	556
804	766
125	131
1	24
672	572
643	584
769	671
227	196
563	613
524	621
995	960
77	24
628	620
183	122
482	414
1	36
133	181
937	854
235	196
832	911
718	734
190	111
79	44
731	726
746	669
435	446
608	598
551	647
1	31
402	495
745	802
448	355
635	688
895	959
979	930
265	254
416	401
428	335
294	274
332	332
922	962
947	968
836	825
591	660
782	798
554	582
412	423
896	830
331	251
629	662
1020	951
808	726
986	897
169	201
976	892
240	320
950	976
709	673
501	517
637	636
417	412
181	217
214	162
433	497
204	242
304	263
477	518
1	27
730	794
571	619
245	301
629	670
536	492
63	47
80	101
245	170
891	989
663	638
382	430
1	47
917	961
639	622
267	276
179	184
85	8
876	824
646	625
224	154
883	867
321	285
211	213
533	475
450	405
701	640
490	424
718	765
842	748
693	768
439	388
877	858
365	350
125	204
933	997
1	7
624	527
738	679
465	394
600	602
908	871
284	347
545	483
1087	990
930	958
261	192
91	185
376	443
887	976
379	461
601	694
1	22
60	144
646	574
862	863
627	724
889	952
673	669
107	121
466	469
889	905
324	262
410	317
952	986
174	163
365	398
385	340
226	229
262	307
911	925
256	269
147	195
378	452
695	782
70	116
802	858
1062	968
626	724
940	970
1059	981
807	902
995	989
478	433
775	789
433	355
33	8
451	526
368	431
357	362
868	840
798	815
235	154
745	662
463	496
822	805
367	463
969	989
764	734
383	289
618	545
829	828
392	338
938	959
491	413
840	911
155	165
108	199
69	152
140	95
722	652
660	593
1000	941
689	787
553	621
311	246
728	782
906	954
228	223
781	844
140	192
751	781
1007	907
1	40
88	25
420	423
587	646
911	882
357	275
1026	990
192	158
187	158
780	880
70	145
649	643
439	512
900	989
222	129
831	773
159	116
1	9
454	482
46	74
95	5
544	605
232	297
339	263
303	307
788	849
438	418
720	715
218	193
794	780
957	907
454	388
645	681
724	723
633	586
211	243
604	643
582	644
180	132
691	676
224	183
607	616
562	637
885	836
791	751
833	851
661	566
897	868
218	263
1	57
987	943
694	597
706	758
13	57
91	139
301	219
818	868
524	483
985	904
1007	963
936	916
295	203
731	814
845	814
481	513
194	189
66	101
329	358
145	114
634	673
226	265
795	774
732	799
703	782
36	87
574	556
784	707
88	64
878	863
660	704
631	618
150	155
941	977
549	636
985	946
96	135
190	202
733	667
37	107
481	484
664	614
316	267
156	217
428	381
626	549
930	973
1	62
259	231
669	696
492	530
228	218
844	928
392	442
674	653
332	341
199	138
160	233
138	197
535	577
582	551
924	939
171	81
96	26
1064	972
822	732
926	868
805	839
750	767
648	740
806	800
494	528
554	571
1087	987
1065	981
465	430
202	256
192	213
363	322
634	691
574	539
249	317
111	203
428	500
821	721
826	869
449	466
254	166
497	466
421	358
60	91
688	698
664	599
101	112
355	275
197	161
442	474
859	824
531	458
230	258
328	272
393	433
442	411
141	49
224	255
673	661
373	361
748	767
687	634
461	555
373	290
394	398
262	266
178	272
709	621
107	147
970	948
473	487
488	525
794	764
634	543
604	515
77	53
843	794
838	748
103	186
436	379
489	478
960	934
977	897
481	423
972	924
213	250
446	396
792	754
661	692
719	765
288	308
591	681
667	622
364	378
436	440
230	266
848	835
977	979
497	495
332	372
302	281
326	269
889	962
178	152
11	45
449	478
362	460
610	659
155	151
637	648
545	475
235	235
283	347
535	573
182	86
494	520
954	893
1027	954
722	686
868	962
499	561
125	174
395	351
568	527
44	50
212	186
389	326
1	52
476	552
564	662
743	655
855	928
251	190
706	649
146	80
567	665
362	318
69	72
570	503
685	688
751	688
261	289
662	585
427	505
150	212
319	229
489	586
624	713
553	572
401	448
705	731
316	401
840	900
141	134
1002	924
190	226
425	339
787	806
752	832
445	504
626	665
202	136
639	557
184	264
550	529
229	328
677	731
722	779
137	134
746	706
232	226
1	43
91	63
33	62
85	118
761	683
803	788
1	67
868	932
246	201
840	896
430	453
674	580
151	141
514	583
1073	992
547	462
834	873
538	439
746	748
338	415
602	696
742	784
197	273
210	267
345	264
894	806
526	578
167	90
682	770
437	499
892	956
958	877
864	775
943	871
406	381
535	479
345	314
576	610
77	159
327	366
181	274
33	118
689	596
885	880
966	958
460	407
839	937
322	289
315	409
994	932
498	580
589	609
177	253
594	573
870	800
691	664
70	122
286	323
1	69
447	450
498	535
617	688
486	408
488	490
576	480
145	137
166	70
763	786
225	263
200	211
176	111
551	459
997	920
664	727
773	860
28	61
792	800
959	982
10	71
903	989
352	343
802	895
1006	997
408	414
1	40
1011	982
1	4
334	354
567	646
506	564
365	287
115	208
550	591
8	11
397	391
124	189
586	586
813	768
371	465
639	612
309	210
438	361
631	580
413	368
1043	962
713	783
1	33
1	31
108	24
746	667
252	323
522	614
771	860
207	241
734	735
851	881
429	343
214	185
369	378
436	521
611	710
322	299
231	167
133	93
259	263
737	776
226	176
38	36
235	169
622	718
1009	994
876	791
1	45
28	50
1011	931
505	497
231	320
1	68
118	21
662	608
680	664
580	536
592	618
741	675
490	397
916	922
1003	919
920	891
408	503
688	654
426	339
286	220
587	628
194	95
679	767
1	3
148	193
498	445
390	475
847	892
141	141
234	187
618	518
335	253
233	294
928	955
62	69
507	420
461	485
697	733
890	934
641	686
766	686
327	241
478	490
617	535
262	238
365	393
617	693
302	248
986	934
965	889
819	859
816	905
937	855
245	272
209	203
614	525
840	789
384	462
478	437
293	210
562	565
466	494
716	805
573	648
448	392
843	755
147	223
1046	999
820	728
735	660
30	99
592	619
174	240
874	777
444	352
700	777
918	846
449	437
772	842
621	649
592	578
548	548
443	477
1002	947
471	462
242	284
396	361
687	628
672	725
749	813
712	710
907	920
173	261
431	395
775	775
909	983
585	567
958	936
78	33
744	706
683	668
960	876
918	834
477	516
368	327
468	527
558	532
846	851
777	703
330	307
545	641
444	469
811	835
422	436
966	902
822	846
503	598
334	377
799	745
480	478
347	354
543	618
337	381
295	341
276	263
660	568
804	882
752	687
834	748
298	333
197	277
677	663
41	109
63	126
159	67
650	703
1	60
347	256
855	756
882	912
135	101
791	756
133	121
1	10
581	677
771	803
578	668
148	154
972	876
977	884
1	74
71	43
685	669
529	563
420	401
1	47
912	931
314	361
993	940
769	861
928	892
924	976
884	868
70	106
463	551
469	389
973	982
755	737
929	895
1032	958
678	617
272	221
456	519
784	772
227	318
968	876
730	669
852	856
795	712
670	683
262	297
241	206
305	220
457	366
513	580
119	30
421	343
735	734
681	739
1027	976
545	604
679	746
288	260
274	365
274	373
629	577
987	966
93	155
1	71
612	620
369	290
743	703
322	384
447	534
254	333
241	337
1	42
181	93
723	741
726	725
699	663
652	616
335	274
230	303
929	884
420	448
646	692
28	99
224	152
26	89
109	81
93	140
995	996
597	680
354	334
671	690
216	288
152	129
276	354
915	832
27	35
524	426
547	571
846	944
55	66
394	337
237	282
844	778
569	579
123	139
502	515
253	270
838	751
544	484
51	115
177	214
386	290
346	413
757	819
939	878
1000	936
479	534
483	484
115	205
631	600
275	218
34	74
192	259
156	90
796	863
292	218
30	107
851	930
519	565
275	357
1	24
749	740
162	124
440	413
681	609
77	136
401	472
788	797
694	766
714	637
884	974
590	491
555	626
315	231
769	718
83	15
934	865
1014	962
407	432
108	51
795	777
1046	974
835	841
692	754
404	490
428	499
654	573
202	258
320	336
1024	972
450	524
689	716
429	373
761	758
530	535
854	913
826	881
927	935
620	553
341	340
863	796
838	905
1013	984
870	780
426	496
652	686
355	410
656	712
736	817
942	867
20	51
741	787
724	822
949	910
421	347
869	807
693	663
1005	962
100	18
432	404
481	461
781	695
856	924
969	961
331	330
159	146
218	188
355	386
830	763
102	64
587	620
475	505
343	301
484	401
12	13
871	930
717	785
292	382
882	959
521	554
181	272
995	913
745	671
391	409
901	873
865	799
1	24
231	298
550	496
842	798
304	388
307	216
72	158
621	593
423	514
105	193
538	589
371	345
16	23
139	164
1	10
525	499
569	510
549	580
827	907
27	6
131	74
422	428
855	761
698	603
800	721
1050	962
109	45
137	101
818	752
703	734
124	171
675	705
912	851
150	169
471	523
870	956
883	947
751	768
34	5
462	393
426	399
317	257
1012	954
523	570
522	470
41	115
614	592
828	796
398	449
540	535
760	708
884	837
590	571
277	346
284	254
477	415
147	226
168	170
822	914
756	708
211	205
180	151
242	332
905	849
1	5
834	881
569	544
324	317
967	958
631	534
243	185
663	577
402	357
560	475
492	583
193	101
407	366
260	215
898	829
939	904
562	599
163	200
613	581
350	415
979	902
13	79
790	823
248	224
253	240
439	344
380	299
1	12
119	81
1041	992
587	683
954	887
591	578
427	352
913	867
678	661
544	515
180	113
186	138
1053	997
936	911
379	359
151	56
784	743
450	516
469	519
1	72
338	407
465	482
353	322
652	645
351	257
328	249
60	98
124	206
426	525
260	325
704	706
765	755
984	922
867	819
709	784
812	815
607	620
364	435
21	100
817	830
535	447
1013	917
192	288
700	622
847	939
486	406
114	135
461	519
943	936
150	226
879	903
857	925
72	169
41	65
441	513
749	810
746	835
316	364
226	158
491	534
288	388
562	590
364	353
755	713
269	278
532	469
265	209
773	685
709	731
914	999
652	589
899	846
868	832
520	608
929	976
265	267
697	723
312	216
888	908
793	708
120	191
704	695
286	193
704	706
607	508
161	161
903	822
314	327
71	15
407	361
21	15
396	400
447	413
524	537
251	302
289	346
314	398
544	466
808	759
844	814
652	643
457	556
511	431
1	93
563	510
789	836
860	942
875	862
493	524
1	5
330	279
420	429
264	195
166	81
501	501
880	955
947	894
77	167
483	494
454	554
506	470
912	940
217	129
630	631
1	16
735	635
521	617
421	504
74	43
588	575
1036	985
725	750
968	888
984	918
521	607
517	586
479	490
413	469
842	819
510	488
598	542
317	336
787	758
376	368
520	569
584	512
123	149
689	682
776	830
123	52
994	902
901	895
772	767
63	11
994	912
85	29
863	873
184	278
359	428
626	713
195	290
532	608
451	359
528	523
757	788
666	711
211	247
521	455
310	401
172	146
1	28
757	713
831	814
118	210
22	70
557	637
424	482
858	827
650	635
192	230
180	158
6	34
364	264
866	828
818	914
511	603
395	428
730	826
851	773
751	772
477	477
179	218
343	412
866	819
487	524
937	868
229	221
785	693
527	525
306	328
307	273
46	30
780	869
600	504
220	132
188	95
846	885
837	856
658	738
559	496
78	94
704	719
475	394
547	604
573	644
758	853
462	396
104	169
847	820
113	37
473	532
411	399
878	935
308	266
702	774
92	22
881	783
718	803
473	562
119	178
318	263
836	744
304	207
699	664
331	429
1	4
1	9
512	504
462	537
851	795
257	284
418	402
829	877
52	115
497	552
634	619
184	164
116	196
810	725
897	879
908	900
595	514
673	718
582	606
344	310
270	247
580	560
253	193
45	51
558	539
800	841
1057	979
35	14
949	982
398	299
699	602
358	286
869	874
414	424
1026	940
145	114
213	227
844	797
221	165
167	165
454	360
847	888
52	85
410	361
742	753
838	772
308	372
241	334
525	599
383	321
64	46
38	35
347	324
480	532
445	534
285	292
1	37
440	410
411	454
27	99
436	391
1	43
825	919
896	940
770	843
811	904
585	505
300	308
1006	914
181	107
34	1
832	827
799	851
523	601
965	986
826	908
290	362
686	592
827	774
846	786
839	752
575	547
731	820
861	795
219	167
993	947
858	857
742	742
336	252
528	533
851	760
342	302
417	453
71	80
447	428
449	542
746	739
238	173
816	763
193	252
824	775
972	879
561	538
333	256
393	453
119	27
722	821
1072	995
929	861
522	534
732	725
193	178
746	711
693	619
21	57
822	899
438	484
222	316
453	552
98	61
405	466
697	598
171	107
731	673
291	366
757	743
1077	997
1	20
420	440
188	161
833	844
606	676
617	644
367	446
731	735
468	553
719	742
807	779
819	767
612	611
148	82
222	295
598	696
172	88
940	923
295	387
811	711
369	405
687	721
795	727
816	840
681	641
914	823
612	642
940	945
143	106
946	855
336	409
803	736
263	321
883	913
908	866
714	794
263	354
433	357
818	886
973	979
770	746
412	325
788	729
232	260
516	418
811	845
537	463
574	477
624	723
725	652
696	791
208	297
968	929
717	650
90	49
758	822
24	121
727	650
1	9
307	316
906	900
813	887
304	291
57	147
501	468
714	752
1023	951
129	31
731	820
706	733
574	492
883	861
3	74
527	545
492	398
660	573
953	974
86	112
828	769
873	887
466	466
605	608
197	165
782	832
204	193
972	873
174	162
795	884
937	897
484	455
922	915
525	499
448	459
741	684
615	637
39	22
216	296
575	544
362	294
49	16
8	27
841	899
678	672
168	87
753	715
15	63
521	469
585	529
990	991
527	608
770	762
419	370
707	706
794	805
148	53
993	954
731	814
490	446
305	353
113	49
447	475
899	844
209	134
369	283
173	248
330	321
392	401
634	707
951	921
729	674
433	407
348	371
451	544
382	436
622	688
1	20
682	769
897	872
473	517
512	454
737	833
768	735
397	352
430	518
301	360
773	840
352	326
628	615
573	537
1009	943
907	989
488	467
40	71
647	549
253	200
435	473
38	96
185	132
128	72
804	774
770	707
489	521
130	50
816	885
1012	987
11	50
470	469
306	281
415	451
817	728
508	458
648	608
815	897
880	964
314	268
156	255
774	693
427	418
489	512
328	306
508	584
633	706
172	147
1031	938
263	207
401	388
7	56
718	710
851	896
1	73
471	513
1	93
800	858
228	255
732	675
907	936
952	918
358	371
766	844
19	34
1	33
614	709
116	182
352	329
699	753
914	833
474	491
290	324
514	430
33	123
733	744
319	324
800	800
488	527
523	460
137	213
141	189
889	968
963	968
415	388
525	546
1061	966
621	540
121	77
816	854
746	820
524	511
129	118
407	383
512	492
681	758
740	653
39	118
879	958
587	511
246	247
250	183
359	386
178	147
900	928
207	271
174	146
356	326
477	425
935	951
383	482
517	540
36	106
321	352
595	585
118	188
718	638
162	214
525	447
416	350
412	475
402	422
643	615
497	486
253	233
431	513
469	508
906	808
223	272
121	153
358	349
1070	988
435	532
697	729
727	722
844	777
715	706
675	719
784	734
784	787
255	290
444	411
120	77
198	254
278	372
751	703
510	453
199	130
131	45
274	222
828	902
1041	951
492	537
966	894
21	44
171	112
66	40
200	256
413	473
449	362
177	203
638	541
290	197
673	747
1	53
31	40
85	168
109	45
134	220
796	792
312	252
578	514
496	470
785	868
539	637
746	727
919	927
945	895
335	250
896	866
884	823
951	915
439	491
973	934
717	726
653	616
720	737
1035	947
473	520
509	461
1011	966
304	270
823	880
265	198
295	311
778	756
285	288
277	341
529	481
301	333
487	473
619	598
823	901
833	778
439	403
677	710
228	204
965	949
675	683
921	893
546	477
382	403
693	596
119	166
829	876
681	738
149	160
435	356
405	346
881	853
89	126
416	397
101	97
464	549
750	691
647	672
145	142
481	567
580	658
632	672
1007	999
467	506
115	134
29	8
335	365
778	743
782	805
487	542
187	153
656	657
304	324
712	778
813	735
1060	997
783	791
145	173
186	199
822	760
179	151
333	236
106	65
924	845
264	363
880	893
65	14
720	710
937	986
753	655
749	692
365	400
45	117
771	811
375	376
278	297
162	71
118	46
707	626
597	555
519	462
94	182
60	22
531	536
201	265
309	307
196	152
709	709
517	529
1038	989
1029	972
623	625
78	82
713	642
1	13
631	549
19	65
379	335
882	859
397	353
376	314
800	715
427	465
1	28
720	643
73	12
430	481
674	755
627	570
815	915
26	3
65	156
376	348
338	364
486	415
337	408
827	877
197	148
634	615
572	571
873	942
756	836
558	471
195	265
101	87
1068	981
113	166
892	937
379	331
507	499
283	244
44	3
66	128
780	723
257	228
632	611
199	150
509	478
175	129
307	325
339	397
741	838
304	298
67	25
294	385
311	286
446	359
114	62
547	551
1	12
890	923
126	176
403	359
533	496
355	394
719	739
884	857
388	292
862	946
648	743
229	258
344	251
483	579
405	388
239	190
593	539
558	633
219	309
607	581
103	53
884	910
484	439
1	32
457	434
106	202
235	200
134	90
54	53
128	85
37	66
653	705
241	221
760	793
484	559
105	59
831	745
54	18
672	692
469	484
133	84
725	695
46	31
624	692
272	368
589	536
88	163
321	403
457	405
893	982
459	408
778	757
242	322
994	963
65	139
12	53
730	827
213	300
721	753
172	205
53	138
827	878
332	330
617	574
707	779
950	930
1	39
366	352
667	587
40	25
533	546
920	848
390	426
520	466
211	128
507	577
816	795
900	809
103	135
810	853
981	993
213	143
559	506
743	779
794	698
715	710
599	674
646	608
373	285
851	763
435	436
746	783
453	357
601	596
866	895
974	987
643	565
406	354
98	28
614	650
807	835
595	694
1	46
452	393
203	215
696	700
782	834
188	276
832	762
91	44
321	373
327	364
353	265
113	94
238	282
11	16
507	538
602	603
969	907
478	527
807	804
220	129
551	477
1032	946
143	56
442	381
840	750
104	108
789	707
901	895
1028	928
1038	947
338	259
156	211
588	581
760	854
154	184
510	533
635	674
17	86
226	178
17	65
421	438
1019	951
34	95
139	58
98	130
176	94
384	476
55	104
871	814
480	551
935	928
410	462
845	897
909	816
387	289
197	118
818	752
564	487
440	360
324	400
247	153
858	801
275	193
412	444
697	669
754	826
1	25
446	436
140	168
118	107
376	369
482	460
376	342
116	68
614	610
184	99
314	334
40	24
53	136
91	41
672	656
770	781
1	24
173	193
119	88
145	67
537	443
831	750
211	194
153	170
562	523
948	895
466	414
304	238
277	195
316	348
384	347
731	748
617	657
147	112
468	565
350	428
1024	933
389	359
642	576
289	342
874	881
767	791
298	356
377	471
213	280
188	256
272	177
785	843
622	536
648	574
468	506
198	122
207	202
405	347
117	164
900	861
628	679
173	207
596	653
76	127
675	714
372	354
468	439
172	190
636	650
906	982
189	252
1016	1000
676	622
16	47
648	657
617	689
321	273
713	788
146	196
515	561
442	469
488	581
756	744
478	432
462	546
915	875
285	221
1033	994
578	535
1027	960
1	8
251	226
195	104
930	937
714	750
109	122
1030	935
974	923
1011	975
1	27
644	608
876	959
352	300
293	301
456	464
802	846
749	791
316	365
362	311
444	455
191	205
522	558
362	424
770	742
525	532
471	546
326	278
971	940
835	807
397	432
971	999
631	675
86	151
592	525
200	250
306	384
1037	953
912	908
73	42
245	193
863	932
481	488
408	474
427	343
368	313
446	495
479	480
852	883
491	435
47	110
644	652
82	17
303	319
794	761
916	999
443	537
323	338
676	577
222	294
768	771
105	71
708	669
536	535
139	192
17	104
69	68
559	601
540	566
234	202
818	775
314	301
107	34
201	203
46	145
812	720
793	812
308	301
4	80
783	688
453	400
343	274
872	795
1	61
522	562
611	639
215	291
816	719
558	510
521	603
910	820
204	196
88	103
414	359
780	771
540	617
1077	997
647	627
785	788
221	141
443	459
757	766
897	989
852	918
713	755
163	101
501	404
65	157
471	445
725	798
189	254
11	22
539	473
1007	930
329	423
926	902
208	257
708	765
363	272
845	902
456	449
54	67
779	697
311	239
4	32
736	731
701	717
448	421
849	838
350	309
424	434
335	325
89	158
254	213
890	984
62	56
1	19
612	711
269	295
182	208
894	844
513	451
163	91
690	752
387	337
654	632
513	593
289	302
605	653
961	954
96	145
314	370
423	324
12	61
744	827
511	470
320	284
948	969
726	684
233	309
195	285
636	614
482	496
450	533
185	163
717	703
91	15
909	999
876	784
303	241
686	690
1000	924
190	212
756	754
219	164
698	727
214	271
748	812
339	323
679	727
203	171
296	297
575	589
471	499
330	428
574	622
318	246
911	814
254	233
95	9
456	430
1014	922
638	626
424	325
82	109
618	687
88	120
61	34
137	231
713	748
859	957
587	525
440	399
660	733
496	574
59	99
644	687
454	380
970	968
640	620
78	128
380	437
1053	988
511	561
868	898
245	341
614	667
317	388
511	530
831	844
418	444
869	930
185	187
109	53
288	323
947	929
283	239
520	563
779	737
513	460
51	85
349	300
245	288
573	628
890	794
926	863
12	5
438	470
676	681
693	727
241	142
910	969
290	341
22	31
297	332
638	598
630	692
151	125
159	72
833	824
195	179
135	89
965	982
874	804
847	894
553	588
1	30
973	951
774	790
292	323
473	448
469	508
254	322
565	532
229	133
266	301
610	609
311	398
61	3
219	279
554	604
133	194
1	39
713	656
189	182
785	733
37	81
387	322
473	565
826	765
599	589
400	319
431	384
995	938
1037	943
537	604
916	848
1004	908
948	955
671	768
650	689
575	649
188	148
881	940
384	448
746	758
898	890
473	440
90	25
356	354
426	456
719	635
86	162
116	195
480	392
156	98
388	321
1042	954
417	490
404	443
319	355
149	203
515	502
166	191
457	372
363	427
20	78
276	362
709	789
465	435
380	438
883	792
593	678
857	868
874	965
158	128
362	410
793	706
305	283
978	962
78	87
713	626
703	771
741	690
339	253
1	21
640	640
214	228
435	420
852	893
538	441
862	840
1022	944
304	309
257	326
974	917
345	438
961	947
862	842
303	343
244	214
403	455
658	641
583	546
350	312
796	707
225	129
1000	934
874	897
303	338
1051	962
503	403
229	149
479	530
74	104
815	900
481	556
862	796
196	221
986	966
472	519
819	817
905	865
117	207
161	201
721	740
458	540
229	185
858	808
124	156
349	360
353	342
486	530
316	376
493	457
550	587
516	451
99	3
594	678
245	174
397	299
335	375
738	671
539	554
686	786
824	828
110	13
887	847
442	468
1049	961
1043	954
298	394
981	924
1	10
263	211
52	96
581	604
79	177
1	13
319	265
560	581
518	618
1	17
223	174
795	847
833	866
426	488
885	985
756	695
451	377
342	433
50	7
250	168
605	682
309	256
369	326
592	580
915	848
185	182
141	113
705	738
878	953
161	253
708	753
635	711
753	828
668	626
990	987
842	806
313	412
835	739
259	358
149	194
988	940
368	321
908	883
462	537
773	770
215	261
125	213
343	248
274	174
999	947
244	289
302	379
190	177
901	875
623	564
1	3
312	352
480	477
336	297
1001	975
594	529
766	722
515	498
201	150
566	547
532	440
53	4
340	433
505	439
1	44
74	109
483	571
808	746
1080	998
667	695
640	698
221	194
695	778
306	364
392	325
840	815
999	972
513	569
416	405
41	97
489	400
620	581
541	558
745	750
137	193
549	521
189	125
550	547
121	135
299	253
345	262
139	215
459	453
430	504
325	335
782	824
46	29
149	95
325	238
466	399
564	535
33	88
851	808
86	32
441	531
878	804
384	321
353	304
480	547
542	607
954	954
286	320
354	427
913	869
658	659
403	497
593	546
580	525
23	103
987	991
63	80
304	263
732	740
890	927
820	736
876	815
84	170
615	634
346	261
816	745
551	545
673	578
132	38
909	877
479	445
270	218
278	315
244	202
730	635
281	240
119	31
645	732
191	283
894	892
692	606
456	383
755	797
232	296
577	622
449	547
173	110
373	367
555	639
817	840
725	802
508	527
611	693
64	97
22	97
966	945
667	658
1	43
409	348
1	62
922	870
679	660
656	590
694	753
501	457
107	206
1025	941
167	233
646	549
460	387
45	119
161	253
807	838
476	552
16	8
136	192
783	771
345	339
87	168
505	476
687	716
207	135
491	463
678	617
283	258
663	660
747	705
782	822
875	951
210	263
170	97
590	639
829	848
45	93
518	521
1056	974
63	58
998	910
740	682
455	447
106	46
533	435
722	796
823	743
1037	957
503	582
152	212
920	910
517	422
728	732
64	149
352	311
179	189
791	723
253	273
59	133
993	979
819	766
409	391
256	254
278	218
195	230
581	628
831	793
821	895
592	504
958	931
134	97
630	688
306	395
8	47
401	497
238	310
178	168
294	382
93	63
824	802
668	602
938	965
514	611
234	264
167	126
908	864
475	414
454	368
625	529
271	216
382	381
135	154
700	734
1050	980
271	174
655	663
764	695
94	43
318	344
852	877
88	81
327	262
676	684
705	697
234	210
626	608
479	407
324	267
148	68
159	183
314	271
394	319
363	409
951	914
685	692
313	353
439	534
614	610
229	286
477	493
720	746
482	427
267	203
237	238
16	102
793	802
756	688
1	28
75	66
449	499
475	428
90	98
40	21
514	508
96	101
612	666
494	444
61	155
242	196
510	580
64	85
981	909
822	861
568	560
37	65
311	270
92	181
443	368
110	204
199	119
906	853
127	64
541	594
673	640
100	126
463	479
1002	922
885	796
181	276
871	877
932	916
386	393
268	228
434	349
363	292
30	87
693	599
851	882
167	262
365	318
293	263
927	987
906	914
338	298
683	775
349	304
514	487
562	480
903	885
225	220
138	121
987	1000
335	329
575	571
826	868
210	282
869	885
482	467
99	160
321	323
393	396
763	668
533	629
824	807
185	172
349	282
313	294
613	638
668	742
188	95
805	768
195	177
362	307
788	875
191	113
598	627
365	414
745	726
588	579
343	426
562	662
742	738
165	80
157	60
157	130
819	867
452	517
516	565
324	381
173	216
445	504
676	685
876	929
837	761
674	716
95	140
834	758
104	151
489	473
1002	942
118	35
506	596
172	132
359	270
904	916
747	837
541	442
405	438
832	771
9	103
828	907
222	135
191	276
32	75
692	696
649	745
612	620
849	778
920	827
397	377
540	443
89	59
909	809
79	130
898	940
697	770
213	120
914	966
454	418
751	776
447	419
63	44
634	555
892	831
330	355
477	545
356	406
477	516
1	21
124	56
754	782
224	285
504	432
817	900
1	54
259	299
448	453
629	579
765	708
930	991
1010	991
86	34
5	48
268	229
688	611
313	349
1	3
158	213
124	142
771	781
452	410
192	183
567	523
596	633
99	171
192	252
164	244
635	584
221	141
323	314
721	806
113	91
495	577
722	702
595	663
618	645
452	420
166	184
378	441
326	316
709	700
490	508
118	102
862	855
128	217
828	734
415	499
114	167
769	827
1018	938
870	911
222	296
638	656
186	283
332	331
397	479
912	829
316	273
901	879
754	736
560	641
123	95
952	890
703	681
712	730
731	655
437	441
149	72
1068	993
657	625
743	730
312	362
111	42
494	589
397	326
238	219
82	58
255	189
879	801
595	636
325	386
101	53
571	671
336	269
847	755
484	412
575	671
546	489
576	561
629	674
610	569
40	46
445	529
350	314
850	769
1	4
570	564
507	503
769	779
531	443
265	300
521	584
305	303
197	151
297	332
219	293
784	772
394	325
575	530
834	761
480	510
135	69
826	766
961	888
397	353
816	767
154	122
1035	960
101	125
821	888
463	425
418	345
48	66
370	460
214	169
238	223
914	843
506	531
973	891
508	532
840	845
333	358
181	200
453	528
552	566
590	664
388	427
637	643
868	952
510	559
655	739
888	927
222	125
716	649
650	655
334	248
579	482
714	770
914	922
714	661
243	317
567	554
46	30
736	806
342	297
900	817
839	899
478	396
315	286
106	179
253	248
539	593
84	1
397	443
218	193
514	474
534	439
342	355
256	216
156	148
457	552
201	236
480	457
159	104
1052	957
777	694
401	497
661	599
488	424
642	542
361	328
63	48
587	534
742	759
595	569
768	703
786	869
575	659
648	703
559	573
723	720
717	697
811	856
808	796
817	832
423	462
384	371
183	137
595	538
888	829
374	467
220	234
903	821
324	401
931	963
330	288
768	738
461	424
437	353
187	180
302	380
33	103
446	485
101	194
58	96
919	834
548	592
761	706
774	755
1070	994
522	439
847	860
881	960
293	286
128	168
930	841
413	441
25	125
325	290
196	103
957	883
201	272
867	822
789	707
157	116
761	682
475	433
410	453
507	462
845	801
752	777
787	697
175	147
421	444
174	94
790	763
542	464
815	724
7	16
358	383
171	76
113	165
808	757
336	328
1000	912
202	156
917	970
137	166
677	692
1059	973
896	854
156	92
663	759
892	854
26	7
297	292
430	438
1086	989
844	790
653	670
422	375
442	463
897	871
621	618
506	587
165	168
871	935
67	10
95	46
840	801
995	919
25	42
400	396
150	250
393	384
354	345
1	68
855	830
921	846
437	471
238	222
694	699
823	830
266	279
985	894
872	921
246	177
213	124
371	296
647	568
885	985
517	533
302	340
6	4
263	241
938	930
54	57
578	522
247	175
890	950
822	899
82	138
764	851
844	853
918	838
221	252
791	711
437	453
751	738
170	101
533	454
274	374
764	855
67	113
243	166
775	812
1	40
97	72
675	688
331	321
473	570
119	187
402	445
520	533
64	19
733	701
361	440
831	912
299	325
1	44
251	168
185	116
128	170
677	590
495	532
296	277
505	447
415	327
102	111
54	106
544	482
508	423
568	483
886	851
457	526
504	494
1	40
299	289
91	99
411	416
388	461
522	590
493	518
586	616
884	822
80	111
527	436
279	272
82	13
102	193
136	197
683	689
266	286
85	133
211	218
704	643
341	374
423	420
56	21
38	59
780	861
37	37
215	259
807	740
141	198
588	636
208	266
437	352
1043	988
317	370
401	373
371	350
189	157
422	409
1002	957
369	379
909	984
839	758
147	55
1054	954
245	152
814	831
900	858
183	254
545	520
848	925
38	23
293	269
1059	998
293	369
845	769
829	820
585	570
537	511
629	581
374	319
833	829
465	551
424	368
218	207
542	468
502	537
798	749
839	939
157	165
819	782
712	638
566	666
77	87
466	540
590	608
188	101
88	67
454	360
669	569
703	719
498	446
302	370
787	835
1012	934
197	206
933	886
282	192
332	385
1019	971
154	144
518	429
1013	929
195	205
396	476
919	889
54	34
129	210
436	373
467	493
806	833
771	759
511	411
503	505
113	210
679	715
139	89
625	628
282	379
692	636
863	929
775	787
973	906
268	235
800	715
51	20
924	916
633	700
547	647
866	848
740	765
509	460
829	831
663	643
884	966
766	804
1	31
380	473
215	231
90	13
872	926
419	465
466	523
115	131
195	268
916	875
398	352
201	131
880	892
321	371
818	838
123	142
316	393
772	813
260	341
706	670
161	130
349	377
865	857
877	798
959	919
324	342
410	367
567	468
197	139
365	288
878	855
205	288
878	818
640	675
827	737
227	300
342	298
401	351
268	314
402	483
130	51
279	292
814	766
71	163
312	401
211	237
638	613
427	485
852	758
709	647
56	16
774	690
537	538
73	120
675	738
384	453
924	829
428	346
146	177
344	245
633	657
185	215
236	179
491	409
610	658
481	412
915	884
340	300
243	199
694	647
248	292
939	936
835	896
125	107
108	171
849	829
472	534
917	912
716	653
322	322
555	587
405	387
775	789
148	99
847	748
872	785
166	189
858	810
249	238
815	842
215	142
555	467
212	162
571	479
279	240
979	899
883	889
272	266
283	224
450	394
1	26
245	336
621	721
888	827
659	569
630	663
98	45
187	273
125	167
29	26
25	3
366	458
338	374
489	434
315	296
987	949
344	379
548	572
19	79
865	837
458	428
299	247
193	107
159	77
919	914
308	308
477	466
379	291
902	910
187	158
977	889
76	7
571	476
351	418
779	804
470	418
18	44
426	333
366	420
411	497
559	566
112	186
586	592
834	810
356	371
760	835
509	559
980	884
987	977
424	333
974	930
907	960
320	365
30	22
846	756
119	107
697	639
218	208
330	419
240	283
29	75
138	237
891	974
814	848
116	173
444	394
513	486
433	394
937	921
69	54
945	903
349	311
385	418
783	722
410	510
927	900
332	304
279	318
418	447
1015	928
172	86
537	497
471	552
1006	913
630	566
768	784
558	471
44	32
746	760
82	17
104	17
922	881
674	676
377	461
667	714
248	337
289	300
231	240
481	483
436	337
1	20
259	198
230	212
988	994
943	859
841	862
127	216
862	768
3	65
192	176
52	5
378	432
796	857
456	496
764	755
849	755
22	14
324	330
376	466
326	355
107	79
698	766
372	358
642	707
829	908
594	627
192	212
38	113
253	328
657	677
825	924
696	725
63	135
211	160
282	222
562	537
694	791
900	964
617	527
422	512
634	728
146	81
360	419
748	808
402	342
460	434
179	154
732	634
122	195
342	372
842	845
593	583
252	191
635	573
818	775
55	114
118	98
708	719
665	662
739	674
779	846
292	260
147	120
336	286
773	687
407	377
113	89
528	489
583	644
442	460
139	161
109	37
935	941
592	688
265	200
1055	970
494	427
693	725
971	890
457	535
538	584
317	256
964	962
814	728
413	385
865	782
103	106
282	255
195	283
796	839
144	243
291	296
490	543
32	92
206	189
768	776
695	710
840	863
327	389
869	927
1	15
74	61
636	702
736	808
177	150
52	60
759	738
934	910
883	964
707	679
679	656
794	759
952	987
976	911
211	213
814	914
1000	1000
502	441
135	204
485	522
404	377
296	284
1052	960
924	986
990	903
578	593
309	311
850	936
159	99
529	547
924	958
517	444
454	441
872	903
385	289
1	7
571	537
875	946
715	633
481	526
214	243
1029	975
283	245
863	807
893	960
9	32
50	100
84	33
458	414
459	410
760	759
279	205
337	370
542	475
788	793
142	120
589	556
146	229
497	552
685	712
175	264
843	930
852	915
659	725
631	554
420	359
63	43
973	935
277	366
169	219
685	772
670	764
485	463
250	303
567	539
133	41
505	549
105	131
723	684
150	141
803	731
1	14
660	725
622	542
196	203
761	781
294	388
870	829
893	805
761	662
385	470
658	710
153	57
737	722
594	663
238	214
51	121
447	485
726	648
855	870
98	9
239	275
893	841
534	623
763	792
263	259
989	909
6	53
962	862
870	829
706	658
806	733
410	470
943	973
710	672
676	720
678	635
278	199
542	591
1	40
751	676
745	803
181	211
256	264
900	897
914	912
376	409
660	758
912	869
1	66
621	641
187	162
147	100
581	645
687	707
199	126
599	636
902	929
765	740
492	541
842	757
510	518
57	72
777	805
939	931
709	631
122	47
434	431
643	632
528	449
628	674
764	828
269	196
1	26
112	164
28	127
10	15
139	92
832	795
782	751
76	35
997	953
706	709
181	163
87	68
383	342
613	646
68	30
124	89
542	625
80	30
430	490
1085	986
260	269
869	877
211	111
717	672
519	538
75	127
793	748
219	229
78	125
203	135
1	5
1	22
808	779
40	23
58	52
392	328
475	484
626	696
27	125
617	572
392	353
133	138
557	653
457	531
408	460
924	906
891	812
60	4
104	138
299	331
483	437
47	83
474	457
68	79
128	195
691	761
335	332
735	661
1	60
868	952
111	36
157	130
540	527
706	621
903	958
949	977
306	207
1048	974
343	321
911	813
538	543
810	892
848	878
141	156
522	581
265	288
1022	936
670	675
455	529
840	758
443	388
790	774
593	596
476	382
525	559
813	846
501	555
919	920
343	412
829	898
892	804
983	901
258	229
641	641
836	830
778	851
92	135
496	588
450	450
52	23
903	928
82	182
165	133
783	825
577	602
16	37
728	789
472	453
950	975
411	504
504	602
593	583
346	324
211	248
211	124
818	811
118	32
626	641
192	217
434	508
918	884
171	216
88	182
527	442
931	944
827	921
436	354
635	728
858	883
849	898
735	819
265	192
56	130
382	305
646	626
839	850
239	307
565	571
595	539
129	86
896	983
521	612
27	91
863	942
15	82
770	813
324	403
1022	998
917	1000
908	822
231	252
281	373
685	656
650	602
401	338
569	659
498	482
360	311
1	34
527	435
78	98
656	589
754	685
183	256
679	716
708	716
767	725
345	273
94	192
40	64
870	821
971	886
184	197
208	254
332	403
1	58
542	455
769	710
276	247
1	65
102	130
92	192
635	715
152	129
552	542
913	953
562	570
497	434
377	307
804	725
806	802
476	520
757	828
663	588
186	228
114	69
211	174
414	503
136	73
135	201
508	479
255	201
51	140
254	284
419	465
351	280
227	180
222	224
903	998
617	650
1	40
451	449
309	307
163	203
306	219
514	534
692	790
971	899
650	591
1	31
425	498
624	554
864	900
538	565
295	351
380	364
928	961
252	226
990	994
392	308
543	634
48	11
153	128
927	940
834	849
338	373
154	129
806	797
366	306
593	601
551	614
60	87
497	530
269	352
674	705
169	71
310	345
682	641
933	863
364	312
29	66
68	16
896	854
729	772
473	480
650	558
661	633
389	314
349	361
985	917
598	513
103	47
417	492
859	890
455	475
65	102
926	892
843	923
692	710
368	314
504	452
881	881
118	163
325	353
144	226
522	477
364	325
818	744
946	966
723	723
813	873
245	259
878	833
828	875
577	524
1	59
571	584
926	949
260	201
928	903
720	801
520	490
507	426
182	182
890	979
299	288
278	212
483	417
269	343
69	28
113	29
225	219
138	146
675	742
1058	975
485	522
123	218
920	994
7	20
523	445
500	479
907	964
322	289
711	805
399	313
806	904
268	197
517	510
412	318
584	553
435	465
926	893
942	971
700	687
707	757
82	158
219	215
819	725
770	752
88	71
401	448
831	829
49	127
319	222
70	71
986	895
868	952
47	24
733	720
55	115
206	244
649	561
1017	968
675	763
633	679
367	330
944	936
644	635
98	77
772	803
978	881
352	306
107	53
311	295
595	623
528	456
126	135
1014	964
361	335
141	48
565	575
552	506
279	298
839	877
281	233
472	489
437	410
140	222
141	229
899	917
635	730
791	875
454	482
40	99
4	48
225	247
834	844
716	779
767	684
416	382
1025	967
698	677
272	304
1057	974
202	155
212	166
632	599
202	111
741	744
652	730
785	799
516	461
6	25
53	129
441	377
434	506
196	251
351	332
955	966
152	206
1020	932
197	238
722	801
297	201
498	486
317	413
270	257
318	413
1	43
176	239
821	917
413	478
285	272
311	408
494	408
703	627
641	603
711	768
1	44
134	76
93	79
228	231
20	41
711	810
121	164
685	601
862	822
235	223
600	511
933	833
857	911
614	648
146	125
864	857
660	646
485	418
833	774
288	250
102	135
720	630
911	875
1	36
487	407
729	821
242	302
213	236
779	878
606	630
963	940
379	293
726	695
938	949
670	603
541	465
667	765
257	355
289	286
1043	967
727	662
599	530
733	638
1049	964
93	105
515	511
1057	992
231	227
546	577
437	520
739	747
227	167
1	9
952	870
388	448
107	198
464	519
1	18
706	714
765	813
387	403
757	688
736	710
650	744
515	422
733	720
227	137
310	272
641	613
581	626
574	638
625	556
347	446
7	79
555	623
75	75
843	776
770	725
961	937
269	246
641	588
1	33
424	482
167	256
809	807
70	11
338	348
652	655
216	295
267	183
114	65
82	34
345	356
1070	993
248	254
110	10
436	502
347	349
368	362
106	27
733	771
684	598
751	694
530	570
148	112
521	580
533	570
387	395
354	428
651	722
531	621
277	244
715	725
397	466
42	124
55	139
846	868
932	940
547	597
177	125
469	549
182	144
566	505
576	510
404	493
286	232
849	924
411	495
765	821
568	624
776	802
787	784
524	510
222	239
881	802
972	988
990	908
336	253
804	788
668	617
890	988
57	13
52	52
498	423
307	263
545	498
833	750
638	614
57	95
734	819
339	266
708	770
249	287
862	864
724	767
872	944
324	341
532	436
176	233
512	496
57	121
249	347
395	452
153	162
557	541
409	467
852	768
360	379
1004	980
209	140
608	533
399	383
462	444
53	50
305	222
594	670
193	174
905	943
879	976
489	513
126	211
867	859
381	385
340	275
896	814
541	470
778	859
836	898
665	686
615	602
67	88
137	180
867	794
928	859
211	237
1012	965
531	597
43	72
741	768
652	637
493	497
83	121
560	660
832	908
226	182
733	703
947	977
789	838
1	35
268	220
311	380
1	6
523	540
381	285
139	122
751	774
84	91
431	463
814	771
267	351
1039	964
646	659
70	136
562	633
924	932
692	642
810	899
810	753
399	411
580	619
591	665
193	274
272	324
456	530
1092	1000
202	158
62	50
216	152
967	939
697	620
904	963
515	495
19	115
945	881
1	70
221	132
458	509
397	352
166	262
433	469
138	136
86	20
531	566
822	859
708	733
140	43
136	164
237	207
199	103
561	530
878	840
1	5
257	195
256	229
1	11
286	213
676	750
458	485
1063	994
638	655
441	427
171	209
376	443
97	20
156	172
666	616
545	573
90	162
1	14
357	427
812	833
1	38
986	935
310	293
832	820
962	928
417	369
171	140
812	724
363	372
171	110
993	975
190	233
434	374
224	219
610	567
1	43
737	794
166	175
796	896
903	872
633	643
218	275
335	247
304	253
895	825
309	383
692	632
690	641
634	719
443	490
466	417
331	354
164	103
387	473
143	56
672	665
928	985
578	594
508	578
406	378
108	173
725	766
151	107
394	370
98	53
618	521
656	660
385	354
542	613
605	527
450	413
221	139
243	172
102	199
281	329
134	193
94	50
80	89
171	270
268	289
973	978
187	177
243	340
832	876
201	119
234	267
754	739
878	780
730	768
738	655
215	271
863	844
933	853
1	52
56	141
946	986
588	625
719	622
660	565
146	206
685	664
966	937
558	647
194	130
962	960
703	733
508	592
74	9
864	817
972	970
1	36
491	441
590	639
705	771
185	211
945	971
426	380
65	53
275	342
498	456
884	864
742	838
332	312
919	827
383	387
259	232
3	31
758	763
761	791
772	781
696	769
310	319
890	888
187	202
210	170
71	138
584	517
891	933
543	506
512	598
183	166
876	889
637	585
382	323
554	596
723	790
44	75
333	248
251	217
223	249
160	179
837	817
947	922
484	471
688	691
860	888
578	508
493	416
749	804
127	145
773	688
732	749
489	582
713	809
504	463
227	144
1005	918
371	296
705	608
822	742
856	903
1019	953
527	463
313	397
863	851
256	335
672	597
595	592
351	273
282	264
129	108
154	240
891	798
48	35
676	753
60	26
161	125
339	299
27	66
135	173
895	873
497	475
491	496
1	18
972	888
808	809
494	396
541	492
508	599
1017	925
1026	970
627	680
661	714
236	248
1	58
326	363
109	50
83	23
293	332
805	864
868	862
405	440
634	609
405	369
207	157
649	722
913	951
830	739
344	256
631	726
667	691
347	388
302	330
805	833
206	197
697	742
338	273
855	801
509	561
725	803
552	564
834	758
396	403
150	184
110	124
164	232
278	239
266	340
737	765
274	325
783	688
886	856
939	924
309	394
716	718
135	196
796	869
775	854
667	716
53	7
655	590
645	631
730	740
380	470
879	973
96	110
75	30
207	239
1	31
494	559
235	202
437	379
78	56
183	247
910	874
186	118
203	177
854	887
667	602
635	604
465	394
767	768
761	753
524	596
1	22
529	478
550	495
758	742
825	923
646	590
587	591
674	654
189	257
910	841
354	388
836	784
920	864
498	465
374	365
735	692
74	124
829	753
451	490
264	337
888	986
618	631
247	166
11	11
607	634
637	643
719	629
487	422
812	780
630	719
867	805
353	346
209	157
1	38
921	846
839	759
642	689
520	438
680	580
954	968
78	104
200	120
98	169
698	778
262	171
367	349
951	869
902	939
274	349
741	840
627	656
690	605
522	516
153	192
410	332
829	826
808	710
155	196
204	269
113	167
710	727
309	327
572	610
840	746
283	375
34	51
132	211
544	470
241	262
35	112
928	841
549	603
349	312
468	461
932	862
185	118
349	352
453	446
513	559
427	468
273	256
636	685
524	553
1	61
879	905
913	974
699	717
92	10
617	531
653	686
316	284
795	741
49	83
840	829
679	597
450	467
871	884
515	582
347	396
735	794
524	544
601	620
430	394
273	245
1005	926
660	565
45	73
641	717
636	715
724	648
382	374
612	543
327	250
959	984
671	663
182	210
754	726
111	32
562	485
248	303
156	85
480	454
600	585
883	881
656	668
458	362
211	287
550	517
116	199
873	837
543	551
328	328
257	263
1	52
1	9
672	653
615	515
434	437
171	198
654	566
798	698
602	519
434	388
815	816
130	85
1053	971
684	696
859	841
445	367
828	846
48	114
178	115
857	758
300	230
806	750
782	848
463	505
679	635
710	784
126	149
308	329
402	421
266	332
567	505
678	634
796	778
682	733
353	437
543	601
113	183
889	963
1	9
51	106
111	67
348	361
965	876
693	763
311	260
296	377
524	467
816	890
872	907
21	75
886	884
170	132
481	388
161	231
596	640
5	5
173	124
672	695
754	715
247	342
474	420
641	591
263	329
329	375
313	397
631	686
946	993
804	715
723	763
308	292
386	395
479	576
823	891
503	556
809	779
85	174
737	806
10	9
237	301
734	637
118	150
320	314
782	729
883	977
393	310
522	479
584	622
871	831
290	276
303	355
353	400
403	351
78	80
552	594
209	259
217	265
915	956
219	298
1003	959
307	370
164	67
576	523
153	196
389	342
348	435
217	169
203	165
669	645
952	917
569	606
934	855
998	1000
538	594
616	522
464	392
417	386
563	501
519	573
618	626
689	649
196	269
556	521
936	871
367	299
1	73
367	298
89	132
210	284
497	516
1	55
990	911
174	244
204	152
232	256
11	51
845	939
241	253
749	734
325	416
453	549
402	322
915	859
896	987
538	525
767	723
632	548
420	465
160	173
462	482
671	598
801	706
411	358
850	803
826	746
251	271
544	480
643	563
78	105
363	338
646	600
460	362
603	586
631	544
936	865
262	211
1066	977
157	191
185	237
996	905
238	191
549	546
659	579
837	866
11	38
178	194
582	632
601	613
1038	995
13	60
443	375
629	669
617	612
531	599
211	227
524	589
432	474
518	588
988	930
750	747
209	126
175	270
452	385
748	799
295	252
1	2
722	684
510	426
448	396
1028	941
405	476
22	81
5	38
36	90
161	168
111	82
60	139
702	763
691	591
304	316
905	825
448	541
916	914
224	216
751	701
220	294
387	404
499	507
292	383
408	488
823	891
695	659
902	939
889	893
72	94
524	512
225	165
52	114
808	886
590	610
807	777
365	318
569	503
966	879
832	778
669	666
348	278
319	324
911	856
737	822
356	343
894	928
331	358
676	745
234	288
575	537
415	366
869	816
904	807
648	704
168	120
565	529
652	585
217	217
288	260
906	901
932	954
1	1
132	164
970	960
492	507
295	305
565	580
494	406
344	356
10	26
652	619
368	390
465	408
68	48
116	89
64	48
133	229
201	192
117	169
346	256
31	91
463	419
716	630
839	818
850	762
738	835
964	911
131	118
742	830
158	219
543	468
854	907
55	28
610	569
560	544
695	789
350	420
569	517
988	911
780	744
672	750
552	545
124	143
1005	924
656	583
33	96
231	200
1070	985
1086	995
25	80
754	758
452	362
210	186
6	66
90	43
567	580
784	829
910	839
482	527
825	845
711	775
586	514
914	842
1099	999
158	134
641	698
652	710
993	916
926	888
996	950
731	679
15	97
408	489
685	705
503	500
90	76
115	113
575	605
382	301
679	632
650	616
397	394
922	979
151	229
758	786
537	535
948	856
506	504
727	698
433	352
198	185
765	814
97	90
886	927
667	643
631	703
541	459
938	984
752	775
611	532
521	429
432	440
538	574
931	935
690	765
929	895
225	223
309	269
750	846
808	840
936	910
579	588
494	578
542	542
996	988
177	199
162	232
215	167
575	651
313	319
528	549
126	226
543	616
615	577
56	148
450	354
261	209
578	636
70	80
490	498
503	463
788	873
820	775
422	392
315	315
718	659
399	454
189	236
128	217
441	487
127	169
594	663
800	889
477	554
754	689
42	110
660	715
903	879
858	821
140	79
798	728
1001	960
81	132
408	465
225	262
684	618
652	743
43	109
416	354
732	747
882	793
472	520
335	300
537	509
342	376
738	736
48	128
946	938
1	35
319	389
187	194
28	79
358	443
828	799
147	222
465	483
309	372
337	332
731	823
337	247
304	307
525	465
134	101
563	635
661	580
230	141
364	355
638	614
423	461
889	814
1	3
862	813
640	724
474	501
114	165
596	526
782	686
305	398
214	289
65	162
859	903
550	526
944	985
538	557
89	24
915	838
187	217
122	131
1007	985
556	655
522	552
790	787
76	101
614	685
874	886
692	701
787	882
579	493
234	134
481	381
1	8
340	384
221	251
391	335
815	887
559	520
558	508
178	155
752	683
772	776
413	457
124	192
887	873
232	214
666	733
188	178
498	489
507	602
821	876
150	229
278	235
38	134
677	636
454	537
804	796
103	125
288	229
384	422
632	648
54	77
643	699
500	559
751	727
959	863
561	480
753	657
570	658
729	732
499	532
337	298
854	812
609	527
806	759
329	372
325	267
684	775
949	899
899	961
837	829
841	827
693	708
1	62
109	46
275	246
1044	945
838	889
1056	982
97	58
331	346
794	861
606	645
603	535
944	872
128	42
13	23
672	748
931	853
418	373
966	871
697	629
764	822
758	811
34	7
662	724
613	688
310	348
872	912
875	813
879	804
770	793
448	378
869	965
350	395
147	180
935	930
348	428
149	212
937	994
413	475
505	469
806	843
1001	985
356	271
887	827
804	785
855	852
816	885
392	468
692	616
800	796
424	466
154	191
847	885
368	446
373	273
70	39
207	158
575	673
929	933
104	55
524	452
58	158
954	972
94	37
572	504
60	48
547	523
328	321
564	534
1012	972
582	654
281	252
353	382
479	519
852	902
112	139
315	392
217	316
756	826
169	76
335	317
250	157
622	673
311	262
696	699
317	343
639	572
415	354
282	359
942	848
824	830
495	533
579	569
817	882
509	509
183	165
345	317
651	631
542	624
365	266
501	575
1	44
707	648
368	340
386	315
565	648
200	241
507	433
881	868
804	828
908	984
681	606
955	994
540	448
765	817
315	354
347	352
550	483
612	634
354	443
698	640
855	810
728	641
898	946
261	210
225	171
113	139
242	227
341	318
425	423
786	852
339	403
706	806
156	154
133	189
384	371
161	206
152	208
1022	966
303	284
40	133
564	536
737	794
1009	970
682	683
18	2
441	535
756	794
1	99
767	858
923	925
1016	997
877	872
144	204
1	12
179	205
554	457
527	544
259	184
386	333
484	446
394	477
719	718
904	859
275	274
530	567
294	206
1	39
905	841
671	714
683	720
323	371
381	481
104	150
1	9
173	154
943	906
301	211
731	653
83	74
381	288
749	756
694	620
711	660
881	917
436	382
557	487
900	977
214	185
698	751
796	849
582	540
1	28
458	393
844	752
280	204
95	88
604	654
396	418
686	704
7	89
118	27
659	603
463	435
32	38
1	54
947	851
66	159
431	391
462	442
411	322
407	324
117	117
954	855
318	260
1008	961
763	850
330	242
1	44
162	258
481	459
751	808
921	924
438	521
760	733
989	993
2	13
611	642
805	833
80	54
1023	975
809	842
313	216
765	777
532	447
370	313
123	201
168	71
428	456
51	98
827	776
775	734
1017	964
81	112
562	582
483	505
470	538
770	769
306	229
935	921
370	383
232	156
553	506
920	963
338	398
690	724
851	755
1	62
738	786
869	964
394	441
378	443
786	817
766	682
628	693
352	437
142	240
819	758
598	499
734	809
188	139
918	841
258	227
129	132
201	115
182	168
372	421
782	753
503	479
1	73
224	258
298	354
213	214
63	59
217	136
503	420
777	753
586	599
299	364
303	301
967	867
166	194
471	486
248	255
1028	994
226	242
793	858
758	676
654	565
210	143
513	604
1	9
207	205
606	529
726	760
715	813
141	110
828	886
830	913
120	57
713	661
334	395
329	239
165	261
20	54
651	567
380	349
909	1000
851	807
668	720
264	277
200	159
464	558
674	743
207	255
904	816
243	240
380	408
317	347
1	36
361	449
329	280
719	627
372	399
378	354
1004	904
286	195
981	933
886	947
1000	913
111	66
986	933
398	487
203	255
440	480
646	655
145	188
134	95
764	712
254	335
819	842
893	962
583	493
746	721
745	785
799	890
148	54
574	581
118	37
151	242
354	435
664	762
903	915
576	504
381	463
872	956
191	275
439	476
90	158
594	551
289	205
960	960
934	974
804	763
251	222
193	183
648	583
615	648
227	306
112	71
918	877
998	953
235	161
765	809
352	354
421	459
645	668
272	222
231	190
210	204
939	886
253	201
892	945
738	766
162	237
373	281
191	277
711	699
357	359
531	581
170	118
893	992
807	808
701	624
573	483
289	219
335	368
638	612
380	436
1	23
1015	999
412	465
1	10
730	668
422	497
741	822
796	847
91	111
143	217
476	535
47	96
247	157
858	841
912	966
706	778
618	638
534	466
749	823
781	862
591	667
950	924
799	719
125	37
333	374
576	612
789	846
248	190
796	796
493	437
798	727
345	357
147	131
678	657
476	397
370	379
161	158
124	191
148	70
222	194
422	398
316	300
757	769
209	127
522	480
504	523
310	409
646	704
172	99
597	639
483	521
465	430
648	728
618	662
1036	975
287	234
895	826
290	309
260	195
431	464
305	294
593	624
2	78
811	720
779	745
349	328
252	197
27	98
448	542
200	132
674	718
761	847
547	551
106	107
167	208
537	573
186	145
563	582
405	492
14	17
815	754
909	904
139	207
665	755
528	628
195	127
671	671
140	47
815	721
213	154
5	20
1028	985
1057	974
757	762
794	718
267	205
664	626
881	979
400	339
578	606
587	638
317	338
490	536
150	132
142	74
325	291
434	428
1011	994
871	869
1040	980
284	349
830	914
143	156
401	475
450	540
203	300
382	461
775	693
317	237
444	376
296	297
489	398
68	157
179	96
940	996
774	871
825	789
260	184
11	10
901	928
546	542
931	999
358	330
908	828
548	540
248	277
324	308
799	841
311	396
680	677
389	460
765	759
971	927
686	762
147	238
861	910
670	575
1	3
571	618
927	890
765	799
375	424
135	47
735	760
896	797
638	652
415	345
339	344
930	913
174	123
1	36
744	690
597	549
839	819
806	728
399	435
263	212
655	612
482	437
974	959
789	716
807	818
247	150
625	702
517	606
873	791
104	184
431	497
91	115
97	195
219	305
881	923
276	214
287	214
169	139
329	370
768	710
538	466
768	744
916	948
527	458
484	499
1020	957
307	365
889	813
963	928
389	384
226	237
808	713
178	129
597	604
619	676
618	606
312	255
556	481
727	734
77	35
427	492
1003	980
684	742
142	164
814	733
240	154
745	758
688	763
853	823
297	283
1016	919
686	652
908	891
951	928
877	873
588	596
585	506
549	619
821	777
459	379
222	179
826	873
508	418
294	356
215	290
569	528
339	350
670	682
128	176
437	459
778	844
325	371
836	807
557	523
262	217
785	734
714	748
923	997
268	296
131	94
240	301
571	488
104	140
97	78
335	419
1	13
802	859
708	620
343	423
237	215
86	26
198	280
867	781
826	779
199	109
639	667
515	565
429	358
497	541
272	226
732	775
1013	979
746	785
703	715
499	436
148	100
647	648
70	5
8	10
171	222
500	411
777	737
31	22
176	207
851	941
162	220
758	672
607	649
664	612
714	748
236	236
721	766
124	95
850	897
1	14
1033	939
905	967
982	907
607	650
814	791
772	848
369	440
728	651
255	219
1	15
696	677
323	377
968	887
429	528
569	641
1044	991
783	738
229	153
598	626
949	903
136	153
137	40
427	337
702	697
363	458
704	794
53	66
370	405
606	558
416	347
58	34
941	917
508	593
19	36
244	322
184	173
639	735
564	557
444	523
650	580
780	727
569	521
742	825
6	74
952	961
453	494
689	697
294	290
876	937
711	676
446	540
392	383
699	755
27	35
290	260
537	600
1	7
786	743
379	356
94	61
405	332
517	605
367	442
895	841
707	734
135	61
1019	998
7	88
535	521
149	175
234	138
392	312
255	341
748	648
333	241
310	289
846	874
520	612
617	713
344	407
647	699
166	243
470	403
143	228
290	261
418	326
262	360
762	848
781	758
873	960
249	227
179	131
449	512
848	855
861	787
634	655
875	789
827	889
372	335
798	880
996	922
857	922
278	354
303	373
187	197
167	106
129	166
77	174
913	833
424	353
774	747
133	148
382	294
982	971
212	248
460	489
563	497
923	915
406	441
732	722
233	151
682	675
464	560
151	220
328	280
1	20
422	481
834	920
110	189
804	822
25	121
347	327
117	216
217	294
878	912
146	168
655	598
1	47
393	337
286	223
991	925
1	43
1015	967
936	973
115	112
432	497
55	24
752	772
1044	1000
158	134
310	347
370	369
525	514
434	421
751	779
884	898
568	525
913	993
1063	987
54	56
389	298
634	704
179	265
650	612
579	604
33	95
689	717
700	746
196	264
654	594
276	256
68	58
280	323
796	754
342	255
739	804
679	768
443	438
732	712
388	377
397	297
238	189
174	154
881	799
854	947
286	240
948	982
98	27
688	660
1044	978
185	233
952	941
88	22
831	745
109	177
382	425
778	811
683	684
695	774
304	395
959	904
606	524
371	448
796	743
914	956
713	717
891	893
627	696
722	800
726	692
902	818
345	270
744	700
734	765
855	854
1077	988
544	607
418	326
264	255
515	540
481	502
873	957
700	782
648	742
42	103
236	247
342	247
497	434
765	819
343	296
495	559
753	738
925	838
264	201
864	855
158	162
820	812
579	538
141	152
520	513
202	124
230	214
137	110
814	871
580	614
107	147
1067	998
210	255
11	62
657	593
524	505
48	4
301	272
841	808
910	945
533	549
17	44
645	596
345	265
1	50
524	617
902	802
1	87
353	382
49	123
82	130
510	435
393	405
56	6
755	660
318	375
744	805
905	954
896	861
353	270
367	318
713	663
217	265
646	710
1082	996
946	896
109	136
524	552
16	17
923	986
204	155
634	605
829	853
293	211
1016	997
272	240
423	400
528	533
1015	988
256	216
283	196
580	482
386	478
865	860
810	909
922	887
206	127
466	543
492	466
287	362
907	975
701	619
227	219
380	414
28	30
628	536
306	393
158	107
287	208
548	461
443	486
324	366
112	88
72	70
298	359
578	500
619	592
441	357
298	265
1007	925
477	473
711	662
961	949
470	450
731	771
965	998
159	148
886	813
462	459
699	797
768	805
685	675
1	28
939	966
106	156
413	322
812	736
209	252
694	770
743	765
136	150
232	325
668	737
531	477
104	51
388	312
1076	990
77	31
550	546
371	464
830	847
615	562
772	846
476	544
75	45
659	583
466	549
851	910
706	801
1072	993
181	164
130	154
784	711
119	101
59	79
913	845
973	903
930	936
944	967
211	284
394	481
244	205
190	91
711	709
925	966
445	494
779	730
876	951
151	236
40	24
72	69
817	875
115	32
49	113
338	367
806	894
844	858
368	395
149	230
202	254
679	614
533	504
644	625
339	299
467	424
935	869
804	729
559	637
136	188
863	769
604	586
910	994
777	741
38	29
330	369
706	607
166	163
570	513
1	2
1	67
1060	985
456	476
456	499
528	532
81	177
474	499
810	874
677	579
795	787
721	748
366	348
78	76
423	463
125	80
270	245
485	436
565	559
493	435
660	718
333	388
730	799
498	537
443	519
687	781
390	446
423	521
891	907
482	395
572	668
906	915
761	800
244	299
824	868
498	539
603	510
49	118
553	625
702	789
957	933
882	982
177	146
366	433
102	97
758	822
35	39
643	550
734	647
661	732
610	571
592	512
230	199
800	872
276	370
778	843
160	145
955	964
649	650
907	919
346	426
222	299
1022	995
77	100
964	918
625	707
971	937
1	93
650	677
276	349
537	454
159	63
940	984
503	498
846	858
654	664
310	386
943	901
265	317
808	906
534	473
299	293
429	385
436	527
498	419
660	737
325	290
898	852
706	684
704	732
832	911
588	527
798	844
670	720
327	264
1048	995
632	707
583	677
328	286
984	920
391	445
331	322
476	483
236	235
301	261
386	347
1065	996
571	497
506	509
714	802
294	310
636	570
607	574
497	491
887	978
780	711
658	720
955	875
921	969
102	58
707	624
319	330
893	794
313	400
50	9
636	595
825	737
634	719
121	77
604	537
502	567
421	418
790	803
610	626
282	350
666	602
1050	968
215	277
229	259
478	548
716	671
192	149
474	444
964	951
631	699
90	101
1	34
929	868
650	746
473	555
315	342
414	382
977	881
621	591
1	28
640	586
464	564
1	82
325	396
580	549
444	532
231	313
451	510
910	994
736	744
388	354
814	907
694	691
722	623
829	748
672	673
673	749
858	898
189	120
629	685
259	214
481	404
829	907
88	127
799	768
316	363
597	683
775	803
590	549
203	214
184	176
781	805
861	834
304	286
797	826
727	633
1013	934
545	455
432	447
726	786
706	610
135	46
711	748
339	408
396	326
294	239
974	928
892	982
1016	993
645	672
194	161
848	814
417	496
697	791
453	376
741	832
400	393
848	801
864	905
550	492
284	341
197	194
224	313
327	380
61	32
905	883
953	921
704	788
327	262
458	500
434	410
411	379
845	918
552	600
676	680
380	465
534	568
415	453
622	600
740	833
683	664
499	427
77	83
209	246
304	306
123	58
703	667
771	743
413	470
961	950
724	731
106	28
913	835
566	492
1	25
716	760
884	901
825	916
889	957
310	335
349	328
615	630
592	553
202	143
607	532
695	639
292	328
677	672
944	889
661	571
302	352
508	526
243	290
241	218
179	146
807	891
792	788
726	813
674	743
913	863
166	117
453	423
916	914
509	586
289	279
701	606
744	722
525	574
543	572
57	8
706	614
287	319
824	817
904	889
892	921
373	356
386	340
739	713
192	173
276	309
163	224
437	384
789	818
551	531
760	733
696	682
617	535
459	480
198	104
490	434
1002	976
631	633
514	494
443	426
691	599
441	355
315	215
1	27
233	320
14	7
291	324
233	317
744	752
381	438
670	655
103	141
788	863
867	783
544	477
1065	990
182	224
695	670
408	468
782	770
798	822
109	12
49	71
444	456
988	927
399	315
2	79
795	885
941	890
885	880
80	65
530	444
862	834
420	393
1011	988
641	552
56	10
16	23
199	153
633	591
793	848
622	531
756	771
924	950
760	676
1053	993
10	71
70	49
634	671
230	241
582	514
793	745
301	342
106	187
425	431
785	749
417	351
552	496
943	888
263	164
933	897
143	110
909	826
795	727
360	365
646	690
570	667
423	441
852	920
131	44
727	789
835	848
841	760
921	992
496	594
114	155
29	53
793	834
837	799
854	843
1	15
67	78
113	99
235	324
954	900
826	831
173	191
739	723
867	889
361	301
172	139
398	476
109	141
724	627
777	862
186	197
508	438
414	451
762	845
634	708
877	821
888	877
381	390
179	254
153	86
476	521
996	954
772	791
214	190
787	849
277	277
1	48
774	806
829	777
357	339
121	129
131	39
929	960
619	667
213	293
222	317
987	910
212	221
69	106
1000	901
706	798
170	141
244	344
1	48
915	867
856	823
239	183
323	352
767	692
410	507
820	803
338	288
1	17
183	120
750	689
653	670
973	949
226	290
973	985
380	394
746	652
719	813
20	115
877	790
906	988
56	145
843	852
362	357
734	701
308	326
559	576
331	349
397	467
492	487
782	759
283	295
328	328
425	513
713	642
1046	988
578	516
527	570
395	460
939	927
552	503
720	652
170	91
787	799
671	763
600	617
968	949
551	491
601	700
800	782
404	446
432	462
361	449
486	505
630	582
211	274
426	354
881	805
41	61