585	485
194	94
426	326
606	506
348	248
516	416
521	421
1092	992
422	322
749	649
895	795
337	237
143	43
557	457
945	845
915	815
1055	955
546	446
352	252
522	422
109	9
891	791
1001	901
459	359
222	122
767	667
194	94
698	598
838	738
107	7
674	574
644	544
815	715
434	334
982	882
866	766
467	367
1094	994
1084	984
993	893
399	299
733	633
533	433
231	131
782	682
528	428
172	72
800	700
974	874
717	617
238	138
974	874
956	856
820	720
245	145
519	419
1095	995
894	794
629	529
296	196
299	199
1097	997
377	277
216	116
197	97
1008	908
819	719
639	539
342	242
807	707
207	107
669	569
222	122
637	537
170	70
1031	931
198	98
826	726
700	600
587	487
745	645
872	772
367	267
613	513
1072	972
181	81
995	895
1043	943
313	213
158	58
848	748
403	303
587	487
864	764
1023	923
636	536
129	29
824	724
774	674
889	789
304	204
1046	946
548	448
919	819
754	654
520	420
963	863
900	800
1028	928
506	406
394	294
1041	941
901	801
170	70
708	608
660	560
869	769
895	795
170	70
683	583
108	8
695	595
283	183
795	695
796	696
563	463
716	616
842	742
661	561
271	171
901	801
452	352
581	481
958	858
496	396
282	182
1097	997
987	887
558	458
706	606
837	737
570	470
944	844
1055	955
756	656
652	552
431	331
864	764
565	465
593	493
232	132
463	363
170	70
688	588
736	636
320	220
910	810
1082	982
271	171
361	261
498	398
893	793
900	800
896	796
340	240
972	872
717	617
447	347
844	744
868	768
209	109
885	785
548	448
841	741
653	553
287	187
260	160
439	339
159	59
508	408
551	451
420	320
1002	902
542	442
830	730
618	518
734	634
227	127
831	731
123	23
147	47
475	375
458	358
613	513
626	526
101	1
759	659
693	593
768	668
786	686
374	274
547	447
671	571
583	483
161	61
525	425
758	658
709	609
635	535
614	514
892	792
1098	998
660	560
134	34
470	370
404	304
684	584
595	495
989	889
843	743
106	6
500	400
566	466
132	32
1019	919
712	612
239	139
635	535
483	383
436	336
127	27
909	809
996	896
835	735
1011	911
699	599
728	628
527	427
1033	933
1066	966
276	176
1054	954
354	254
880	780
379	279
777	677
689	589
929	829
507	407
470	370
227	127
303	203
1033	933
557	457
226	126
120	20
724	624
623	523
562	462
777	677
696	596
690	590
1070	970
225	125
482	382
289	189
616	516
256	156
995	895
280	180
860	760
454	354
523	423
1046	946
135	35
544	444
323	223
1051	951
617	517
1076	976
358	258
617	517
988	888
118	18
589	489
702	602
120	20
764	664
998	898
439	339
445	345
196	96
976	876
1009	909
876	776
917	817
1038	938
209	109
763	663
330	230
445	345
399	299
793	693
896	796
567	467
529	429
200	100
165	65
241	141
723	623
391	291
802	702
770	670
1099	999
881	781
501	401
146	46
296	196
159	59
1004	904
457	357
304	204
200	100
820	720
593	493
508	408
761	661
427	327
306	206
248	148
354	254
717	617
410	310
711	611
525	425
115	15
358	258
420	320
507	407
779	679
714	614
891	791
413	313
704	604
1001	901
901	801
596	496
993	893
450	350
346	246
221	121
144	44
895	795
1073	973
717	617
921	821
539	439
163	63
204	104
194	94
895	795
486	386
241	141
905	805
625	525
605	505
514	414
712	612
145	45
341	241
862	762
670	570
849	749
250	150
618	518
800	700
737	637
664	564
1076	976
997	897
516	416
813	713
623	523
695	595
347	247
139	39
859	759
948	848
516	416
404	304
744	644
268	168
495	395
758	658
479	379
734	634
316	216
1078	978
757	657
227	127
515	415
252	152
564	464
560	460
974	874
534	434
995	895
974	874
848	748
479	379
537	437
507	407
529	429
1063	963
643	543
245	145
961	861
644	544
978	878
164	64
455	355
109	9
483	383
157	57
816	716
305	205
284	184
572	472
128	28
413	313
228	128
526	426
825	725
588	488
1040	940
532	432
989	889
312	212
630	530
139	39
153	53
375	275
823	723
881	781
976	876
1026	926
854	754
1058	958
1040	940
223	123
216	116
984	884
758	658
942	842
855	755
721	621
353	253
352	252
495	395
258	158
1093	993
283	183
763	663
234	134
767	667
570	470
413	313
521	421
648	548
401	301
513	413
239	139
824	724
455	355
748	648
1057	957
800	700
276	176
534	434
917	817
323	223
1010	910
257	157
271	171
106	6
575	475
245	145
133	33
1035	935
720	620
394	294
341	241
1013	913
506	406
729	629
198	98
595	495
594	494
752	652
771	671
586	486
752	652
686	586
873	773
380	280
890	790
437	337
782	682
454	354
588	488
1036	936
211	111
639	539
1028	928
1054	954
342	242
775	675
345	245
796	696
325	225
454	354
913	813
117	17
493	393
1038	938
453	353
158	58
364	264
951	851
577	477
455	355
334	234
239	139
464	364
554	454
948	848
619	519
853	753
104	4
852	752
239	139
212	112
234	134
705	605
598	498
150	50
113	13
474	374
983	883
747	647
210	110
473	373
972	872
810	710
346	246
170	70
168	68
892	792
785	685
675	575
292	192
1079	979
934	834
914	814
910	810
886	786
311	211
329	229
798	698
814	714
515	415
455	355
150	50
659	559
231	131
961	861
862	762
889	789
993	893
486	386
129	29
206	106
244	144
848	748
864	764
660	560
632	532
317	217
201	101
685	585
693	593
413	313
532	432
255	155
980	880
1015	915
873	773
463	363
746	646
668	568
656	556
605	505
809	709
537	437
787	687
895	795
232	132
239	139
1061	961
696	596
534	434
916	816
398	298
640	540
816	716
1086	986
590	490
1045	945
615	515
485	385
452	352
718	618
400	300
830	730
613	513
250	150
681	581
509	409
125	25
390	290
681	581
791	691
1006	906
341	241
1069	969
365	265
250	150
745	645
579	479
212	112
678	578
1048	948
644	544
530	430
221	121
275	175
1019	919
539	439
925	825
624	524
205	105
313	213
835	735
679	579
836	736
970	870
982	882
433	333
428	328
1091	991
842	742
876	776
456	356
243	143
1052	952
851	751
210	110
138	38
301	201
874	774
166	66
672	572
125	25
864	764
713	613
218	118
925	825
501	401
451	351
406	306
288	188
403	303
878	778
776	676
623	523
1096	996
370	270
502	402
720	620
1001	901
991	891
134	34
402	302
651	551
582	482
831	731
504	404
979	879
741	641
564	464
727	627
457	357
931	831
850	750
193	93
899	799
674	574
1047	947
315	215
453	353
1033	933
972	872
156	56
605	505
227	127
831	731
1052	952
394	294
433	333
646	546
451	351
522	422
1034	934
166	66
835	735
398	298
203	103
301	201
948	848
554	454
908	808
599	499
420	320
217	117
583	483
781	681
880	780
286	186
1053	953
925	825
116	16
533	433
1055	955
354	254
195	95
399	299
278	178
603	503
516	416
500	400
199	99
154	54
697	597
547	447
327	227
771	671
797	697
621	521
718	618
156	56
1041	941
672	572
627	527
923	823
195	95
167	67
756	656
594	494
451	351
935	835
168	68
240	140
451	351
1068	968
196	96
474	374
339	239
114	14
910	810
975	875
1094	994
951	851
865	765
353	253
381	281
181	81
757	657
1038	938
886	786
966	866
290	190
206	106
921	821
400	300
833	733
648	548
782	682
848	748
735	635
109	9
797	697
310	210
702	602
514	414
600	500
904	804
469	369
504	404
922	822
561	461
531	431
677	577
267	167
569	469
989	889
927	827
867	767
1094	994
252	152
806	706
449	349
679	579
317	217
855	755
1058	958
195	95
726	626
446	346
770	670
719	619
782	682
408	308
835	735
1094	994
1098	998
198	98
511	411
178	78
528	428
285	185
555	455
369	269
465	365
179	79
818	718
524	424
536	436
668	568
458	358
377	277
194	94
994	894
560	460
1064	964
817	717
571	471
611	511
162	62
1009	909
572	472
239	139
469	369
149	49
252	152
337	237
484	384
655	555
403	303
602	502
995	895
819	719
457	357
426	326
273	173
326	226
731	631
402	302
726	626
368	268
895	795
901	801
148	48
499	399
929	829
140	40
617	517
143	43
223	123
405	305
930	830
588	488
279	179
439	339
148	48
435	335
112	12
1061	961
364	264
730	630
1005	905
516	416
810	710
824	724
827	727
1006	906
908	808
911	811
312	212
528	428
318	218
1030	930
381	281
1025	925
534	434
400	300
672	572
681	581
443	343
1070	970
967	867
800	700
483	383
951	851
191	91
632	532
991	891
248	148
238	138
593	493
531	431
1009	909
216	116
249	149
618	518
612	512
614	514
141	41
1071	971
1002	902
998	898
993	893
206	106
876	776
1003	903
440	340
648	548
443	343
732	632
1049	949
901	801
836	736
483	383
422	322
932	832
308	208
372	272
426	326
702	602
651	551
637	537
438	338
265	165
320	220
932	832
480	380
448	348
553	453
211	111
104	4
408	308
821	721
1025	925
752	652
477	377
809	709
987	887
464	364
339	239
827	727
816	716
707	607
344	244
486	386
506	406
898	798
1054	954
882	782
407	307
571	471
247	147
239	139
999	899
958	858
545	445
686	586
929	829
339	239
233	133
724	624
550	450
586	486
663	563
947	847
139	39
413	313
265	165
706	606
121	21
135	35
426	326
528	428
1086	986
136	36
498	398
162	62
416	316
144	44
143	43
889	789
127	27
798	698
288	188
234	134
528	428
855	755
140	40
771	671
1031	931
415	315
696	596
235	135
1025	925
664	564
495	395
127	27
1031	931
124	24
611	511
477	377
358	258
432	332
690	590
286	186
180	80
415	315
773	673
701	601
797	697
991	891
778	678
831	731
323	223
637	537
801	701
798	698
172	72
240	140
891	791
942	842
1053	953
636	536
1062	962
490	390
261	161
622	522
765	665
452	352
1020	920
255	155
468	368
472	372
242	142
727	627
682	582
291	191
892	792
879	779
951	851
285	185
384	284
866	766
541	441
120	20
434	334
657	557
138	38
268	168
592	492
1090	990
211	111
537	437
1072	972
476	376
293	193
936	836
745	645
618	518
749	649
719	619
446	346
657	557
515	415
717	617
804	704
819	719
269	169
148	48
577	477
741	641
535	435
1027	927
790	690
894	794
111	11
925	825
513	413
958	858
844	744
707	607
288	188
797	697
1092	992
868	768
864	764
1077	977
936	836
293	193
175	75
238	138
508	408
462	362
481	381
1078	978
371	271
641	541
447	347
754	654
504	404
951	851
1071	971
870	770
527	427
697	597
1004	904
1037	937
545	445
960	860
861	761
934	834
654	554
825	725
164	64
499	399
669	569
289	189
973	873
1055	955
431	331
232	132
470	370
835	735
858	758
1013	913
941	841
765	665
1081	981
350	250
476	376
757	657
529	429
474	374
810	710
1053	953
886	786
774	674
148	48
941	841
212	112
744	644
305	205
672	572
737	637
755	655
1011	911
415	315
575	475
655	555
776	676
256	156
528	428
836	736
144	44
347	247
1042	942
539	439
210	110
896	796
618	518
713	613
343	243
727	627
1016	916
840	740
116	16
226	126
274	174
943	843
386	286
348	248
291	191
525	425
847	747
653	553
1075	975
335	235
257	157
773	673
192	92
526	426
448	348
795	695
897	797
151	51
201	101
652	552
733	633
816	716
968	868
1060	960
673	573
336	236
290	190
845	745
248	148
156	56
864	764
385	285
1044	944
426	326
431	331
309	209
1011	911
755	655
829	729
660	560
670	570
866	766
926	826
524	424
531	431
820	720
1004	904
362	262
186	86
427	327
773	673
869	769
972	872
875	775
534	434
1033	933
655	555
183	83
622	522
907	807
1046	946
249	149
285	185
908	808
589	489
125	25
1027	927
1028	928
1091	991
256	156
405	305
1004	904
824	724
202	102
873	773
479	379
934	834
741	641
587	487
526	426
1011	911
393	293
313	213
775	675
492	392
134	34
217	117
865	765
790	690
789	689
1026	926
527	427
134	34
708	608
887	787
798	698
868	768
962	862
781	681
632	532
278	178
385	285
194	94
954	854
400	300
1024	924
551	451
763	663
1040	940
1098	998
354	254
587	487
893	793
344	244
609	509
794	694
701	601
785	685
537	437
874	774
881	781
338	238
112	12
883	783
837	737
563	463
1098	998
259	159
124	24
670	570
280	180
1015	915
937	837
900	800
144	44
747	647
848	748
166	66
653	553
634	534
794	694
125	25
990	890
467	367
1055	955
814	714
493	393
224	124
1054	954
918	818
222	122
684	584
160	60
165	65
951	851
232	132
451	351
706	606
950	850
1050	950
362	262
147	47
1093	993
1058	958
1002	902
127	27
243	143
354	254
295	195
387	287
661	561
1066	966
437	337
661	561
794	694
637	537
482	382
376	276
164	64
284	184
1096	996
780	680
497	397
941	841
809	709
785	685
937	837
384	284
187	87
392	292
843	743
805	705
1003	903
702	602
784	684
868	768
721	621
1085	985
1093	993
1039	939
635	535
180	80
651	551
561	461
508	408
522	422
256	156
522	422
1004	904
508	408
1098	998
1050	950
593	493
515	415
769	669
792	692
506	406
1068	968
226	126
449	349
678	578
861	761
905	805
1057	957
650	550
789	689
907	807
674	574
1001	901
185	85
697	597
646	546
829	729
375	275
504	404
834	734
684	584
576	476
478	378
257	157
919	819
383	283
1055	955
1057	957
932	832
809	709
333	233
439	339
923	823
408	308
1022	922
850	750
701	601
808	708
367	267
430	330
248	148
876	776
631	531
544	444
679	579
1046	946
902	802
561	461
1062	962
778	678
812	712
329	229
500	400
869	769
566	466
481	381
1049	949
119	19
714	614
444	344
679	579
362	262
1092	992
1043	943
532	432
518	418
682	582
460	360
773	673
1083	983
1010	910
902	802
935	835
642	542
307	207
1084	984
519	419
697	597
328	228
939	839
573	473
855	755
758	658
445	345
639	539
622	522
459	359
815	715
265	165
669	569
960	860
632	532
969	869
271	171
843	743
864	764
942	842
333	233
282	182
143	43
310	210
350	250
562	462
671	571
826	726
383	283
1049	949
880	780
814	714
1016	916
715	615
1088	988
877	777
699	599
113	13
276	176
370	270
849	749
217	117
272	172
169	69
987	887
654	554
879	779
1043	943
290	190
119	19
1000	900
808	708
803	703
174	74
301	201
791	691
899	799
823	723
665	565
241	141
1098	998
432	332
629	529
1044	944
399	299
959	859
687	587
643	543
944	844
358	258
711	611
123	23
780	680
1028	928
655	555
704	604
352	252
822	722
543	443
662	562
578	478
283	183
250	150
875	775
997	897
669	569
801	701
617	517
905	805
866	766
626	526
1090	990
382	282
1082	982
421	321
684	584
893	793
124	24
362	262
388	288
339	239
225	125
657	557
1074	974
978	878
1070	970
852	752
644	544
417	317
916	816
422	322
373	273
167	67
1017	917
391	291
581	481
681	581
939	839
679	579
642	542
152	52
442	342
141	41
115	15
985	885
899	799
894	794
623	523
906	806
842	742
702	602
979	879
242	142
172	72
503	403
754	654
214	114
178	78
907	807
262	162
972	872
577	477
711	611
1005	905
397	297
479	379
854	754
168	68
548	448
184	84
942	842
685	585
798	698
662	562
164	64
308	208
389	289
623	523
479	379
430	330
389	289
848	748
827	727
841	741
569	469
640	540
829	729
960	860
843	743
167	67
214	114
535	435
431	331
597	497
630	530
909	809
834	734
1079	979
606	506
274	174
1036	936
203	103
409	309
1072	972
983	883
245	145
560	460
1053	953
291	191
1051	951
145	45
1054	954
680	580
155	55
939	839
432	332
495	395
940	840
641	541
904	804
334	234
121	21
728	628
926	826
1100	1000
735	635
258	158
648	548
859	759
724	624
1028	928
130	30
666	566
721	621
149	49
546	446
444	344
684	584
493	393
343	243
970	870
603	503
140	40
919	819
267	167
235	135
468	368
419	319
428	328
634	534
525	425
791	691
117	17
980	880
917	817
630	530
728	628
594	494
537	437
803	703
446	346
290	190
149	49
842	742
808	708
303	203
476	376
292	192
807	707
248	148
533	433
209	109
792	692
503	403
1026	926
176	76
880	780
424	324
294	194
970	870
1031	931
913	813
1026	926
637	537
740	640
968	868
972	872
276	176
741	641
975	875
364	264
596	496
433	333
813	713
956	856
113	13
317	217
335	235
1020	920
887	787
495	395
124	24
215	115
268	168
618	518
822	722
318	218
490	390
1030	930
587	487
311	211
1019	919
979	879
875	775
810	710
829	729
746	646
405	305
271	171
773	673
328	228
666	566
798	698
779	679
223	123
1047	947
665	565
653	553
654	554
533	433
635	535
238	138
164	64
426	326
260	160
510	410
854	754
428	328
956	856
691	591
789	689
763	663
138	38
1076	976
902	802
572	472
691	591
568	468
951	851
779	679
347	247
956	856
343	243
789	689
684	584
155	55
243	143
1011	911
168	68
695	595
921	821
650	550
588	488
326	226
218	118
128	28
1099	999
417	317
713	613
313	213
475	375
1086	986
787	687
343	243
889	789
1045	945
370	270
224	124
108	8
511	411
322	222
329	229
224	124
434	334
262	162
649	549
114	14
241	141
640	540
784	684
515	415
656	556
1084	984
1030	930
283	183
318	218
447	347
592	492
1083	983
499	399
953	853
692	592
1022	922
465	365
252	152
398	298
1077	977
574	474
416	316
772	672
830	730
335	235
629	529
948	848
328	228
577	477
348	248
221	121
550	450
641	541
323	223
562	462
869	769
279	179
993	893
712	612
1071	971
1009	909
1096	996
989	889
241	141
347	247
663	563
130	30
1018	918
475	375
617	517
525	425
770	670
392	292
607	507
924	824
137	37
880	780
184	84
260	160
913	813
364	264
473	373
571	471
170	70
120	20
570	470
597	497
1098	998
1031	931
757	657
427	327
798	698
588	488
395	295
1011	911
1026	926
163	63
629	529
952	852
1073	973
541	441
972	872
377	277
1066	966
962	862
781	681
184	84
103	3
913	813
861	761
1025	925
923	823
699	599
612	512
746	646
423	323
230	130
433	333
977	877
257	157
557	457
538	438
240	140
1017	917
717	617
1086	986
598	498
257	157
522	422
930	830
496	396
145	45
112	12
412	312
613	513
828	728
1013	913
239	139
327	227
835	735
1011	911
803	703
956	856
996	896
300	200
928	828
1020	920
847	747
326	226
599	499
1038	938
828	728
158	58
317	217
459	359
939	839
132	32
116	16
1024	924
478	378
1014	914
891	791
798	698
848	748
103	3
161	61
835	735
129	29
439	339
379	279
269	169
585	485
1092	992
426	326
1084	984
135	35
685	585
819	719
597	497
488	388
161	61
996	896
716	616
992	892
933	833
796	696
406	306
513	413
908	808
272	172
844	744
429	329
128	28
870	770
723	623
465	365
647	547
687	587
777	677
696	596
666	566
230	130
442	342
1008	908
839	739
776	676
672	572
966	866
782	682
999	899
825	725
737	637
240	140
255	155
810	710
973	873
1027	927
955	855
658	558
399	299
522	422
437	337
1049	949
168	68
129	29
737	637
815	715
584	484
727	627
412	312
753	653
208	108
724	624
870	770
181	81
987	887
210	110
873	773
903	803
594	494
447	347
541	441
141	41
515	415
616	516
226	126
741	641
365	265
1074	974
849	749
502	402
107	7
1026	926
312	212
1003	903
1010	910
984	884
238	138
689	589
884	784
1018	918
333	233
606	506
454	354
212	112
660	560
891	791
887	787
1052	952
790	690
366	266
399	299
441	341
244	144
245	145
486	386
489	389
101	1
933	833
710	610
309	209
518	418
508	408
815	715
1097	997
671	571
862	762
927	827
784	684
786	686
260	160
411	311
1021	921
344	244
1084	984
903	803
484	384
1098	998
953	853
318	218
790	690
137	37
506	406
951	851
715	615
418	318
513	413
828	728
298	198
490	390
274	174
552	452
780	680
545	445
227	127
172	72
823	723
126	26
338	238
542	442
838	738
335	235
857	757
670	570
190	90
739	639
383	283
558	458
931	831
895	795
1009	909
622	522
337	237
329	229
102	2
793	693
406	306
860	760
480	380
352	252
532	432
928	828
325	225
681	581
581	481
525	425
813	713
884	784
471	371
452	352
319	219
385	285
543	443
306	206
900	800
1080	980
485	385
361	261
1001	901
291	191
1023	923
128	28
1063	963
1061	961
320	220
158	58
596	496
646	546
1016	916
552	452
110	10
862	762
141	41
1063	963
405	305
484	384
294	194
736	636
270	170
933	833
106	6
1041	941
653	553
637	537
910	810
897	797
671	571
342	242
661	561
301	201
677	577
1042	942
561	461
819	719
796	696
342	242
320	220
508	408
778	678
293	193
915	815
395	295
571	471
541	441
240	140
413	313
353	253
691	591
167	67
980	880
1074	974
366	266
969	869
836	736
643	543
370	270
620	520
648	548
667	567
684	584
155	55
234	134
666	566
821	721
250	150
390	290
600	500
885	785
136	36
377	277
266	166
685	585
949	849
787	687
1022	922
600	500
603	503
494	394
1056	956
111	11
968	868
314	214
862	762
200	100
897	797
823	723
886	786
754	654
219	119
702	602
135	35
1016	916
411	311
301	201
444	344
151	51
337	237
131	31
666	566
697	597
1027	927
570	470
871	771
315	215
1077	977
657	557
300	200
756	656
981	881
963	863
855	755
676	576
490	390
881	781
566	466
483	383
1098	998
1018	918
606	506
507	407
254	154
563	463
445	345
812	712
1074	974
124	24
479	379
756	656
537	437
815	715
1093	993
672	572
454	354
293	193
157	57
780	680
805	705
919	819
602	502
915	815
1039	939
654	554
635	535
484	384
116	16
407	307
194	94
905	805
1035	935
471	371
875	775
181	81
509	409
478	378
708	608
569	469
768	668
819	719
347	247
827	727
119	19
132	32
474	374
323	223
311	211
392	292
168	68
859	759
340	240
508	408
522	422
747	647
562	462
246	146
591	491
758	658
799	699
129	29
985	885
869	769
1053	953
1053	953
1046	946
718	618
862	762
474	374
958	858
273	173
968	868
305	205
600	500
294	194
928	828
295	195
341	241
869	769
190	90
254	154
978	878
104	4
384	284
365	265
328	228
922	822
185	85
155	55
1005	905
515	415
945	845
725	625
951	851
491	391
190	90
700	600
726	626
481	381
903	803
653	553
943	843
730	630
1051	951
1086	986
238	138
634	534
239	139
350	250
288	188
523	423
414	314
330	230
510	410
303	203
346	246
768	668
869	769
867	767
641	541
329	229
427	327
538	438
164	64
560	460
700	600
426	326
993	893
402	302
682	582
768	668
904	804
961	861
675	575
995	895
1050	950
769	669
124	24
767	667
565	465
989	889
676	576
969	869
436	336
1031	931
931	831
474	374
723	623
1043	943
385	285
186	86
193	93
990	890
427	327
162	62
174	74
704	604
511	411
565	465
996	896
115	15
561	461
628	528
489	389
439	339
231	131
885	785
178	78
772	672
679	579
791	691
716	616
555	455
416	316
573	473
796	696
290	190
237	137
940	840
1042	942
376	276
291	191
510	410
388	288
807	707
136	36
528	428
942	842
302	202
1061	961
625	525
910	810
136	36
696	596
305	205
891	791
870	770
887	787
480	380
707	607
935	835
631	531
304	204
847	747
608	508
382	282
457	357
1051	951
225	125
1096	996
937	837
290	190
844	744
926	826
933	833
887	787
242	142
230	130
305	205
478	378
740	640
251	151
512	412
288	188
819	719
764	664
1017	917
869	769
396	296
523	423
630	530
420	320
452	352
476	376
810	710
238	138
411	311
189	89
966	866
361	261
512	412
356	256
112	12
752	652
929	829
739	639
624	524
784	684
1045	945
601	501
160	60
397	297
473	373
683	583
224	124
787	687
163	63
1080	980
371	271
544	444
750	650
138	38
386	286
926	826
178	78
415	315
403	303
143	43
1071	971
751	651
310	210
113	13
806	706
233	133
851	751
313	213
284	184
782	682
1010	910
543	443
499	399
955	855
917	817
393	293
602	502
945	845
135	35
1050	950
800	700
766	666
384	284
522	422
898	798
440	340
768	668
239	139
689	589
1047	947
478	378
512	412
570	470
968	868
527	427
996	896
131	31
175	75
279	179
216	116
451	351
553	453
352	252
167	67
359	259
343	243
564	464
779	679
717	617
942	842
744	644
962	862
150	50
1076	976
135	35
1061	961
1077	977
829	729
959	859
394	294
391	291
363	263
493	393
289	189
942	842
276	176
624	524
779	679
702	602
605	505
164	64
158	58
682	582
685	585
254	154
717	617
828	728
548	448
127	27
844	744
696	596
170	70
487	387
602	502
955	855
940	840
287	187
399	299
621	521
1000	900
530	430
741	641
736	636
714	614
145	45
1010	910
564	464
952	852
570	470
107	7
369	269
824	724
828	728
861	761
408	308
697	597
130	30
181	81
279	179
678	578
1081	981
395	295
269	169
268	168
323	223
397	297
1044	944
401	301
741	641
159	59
299	199
470	370
142	42
487	387
309	209
537	437
582	482
940	840
507	407
208	108
829	729
316	216
852	752
304	204
749	649
792	692
653	553
319	219
102	2
380	280
678	578
361	261
766	666
691	591
873	773
759	659
194	94
320	220
839	739
303	203
182	82
799	699
561	461
252	152
109	9
185	85
984	884
893	793
550	450
270	170
385	285
204	104
707	607
157	57
433	333
1077	977
439	339
319	219
992	892
1022	922
363	263
954	854
205	105
365	265
397	297
1033	933
726	626
356	256
277	177
257	157
698	598
386	286
461	361
806	706
438	338
196	96
349	249
1012	912
1080	980
921	821
336	236
937	837
371	271
643	543
903	803
447	347
951	851
136	36
1088	988
424	324
1020	920
544	444
699	599
610	510
659	559
514	414
408	308
698	598
273	173
223	123
151	51
248	148
392	292
932	832
730	630
754	654
839	739
210	110
348	248
915	815
797	697
175	75
253	153
451	351
1071	971
281	181
397	297
640	540
326	226
368	268
827	727
473	373
135	35
641	541
324	224
941	841
176	76
112	12
924	824
193	93
904	804
170	70
181	81
568	468
388	288
176	76
825	725
212	112
314	214
1015	915
621	521
283	183
971	871
1077	977
732	632
310	210
242	142
958	858
492	392
147	47
380	280
692	592
570	470
1026	926
571	471
877	777
253	153
508	408
635	535
1086	986
561	461
751	651
375	275
694	594
539	439
350	250
625	525
813	713
780	680
317	217
349	249
955	855
788	688
1011	911
568	468
453	353
764	664
272	172
538	438
489	389
143	43
134	34
357	257
219	119
662	562
883	783
689	589
321	221
255	155
388	288
318	218
617	517
217	117
1006	906
261	161
330	230
1039	939
566	466
268	168
119	19
222	122
748	648
514	414
245	145
136	36
758	658
281	181
1018	918
954	854
1024	924
296	196
879	779
1011	911
416	316
834	734
378	278
211	111
989	889
144	44
529	429
826	726
277	177
769	669
977	877
546	446
737	637
698	598
256	156
747	647
357	257
131	31
978	878
595	495
444	344
902	802
592	492
455	355
105	5
788	688
376	276
1059	959
120	20
1030	930
901	801
354	254
434	334
501	401
374	274
435	335
1023	923
374	274
533	433
432	332
542	442
1062	962
678	578
1068	968
1048	948
925	825
503	403
760	660
547	447
898	798
374	274
682	582
314	214
523	423
621	521
930	830
378	278
351	251
171	71
762	662
215	115
1051	951
357	257
826	726
885	785
997	897
410	310
301	201
330	230
992	892
796	696
420	320
968	868
1076	976
505	405
773	673
705	605
617	517
689	589
736	636
755	655
512	412
795	695
317	217
1083	983
262	162
1016	916
292	192
601	501
285	185
909	809
543	443
763	663
1076	976
475	375
561	461
132	32
794	694
936	836
122	22
380	280
244	144
122	22
674	574
689	589
963	863
689	589
824	724
1082	982
1052	952
666	566
769	669
534	434
221	121
1049	949
569	469
522	422
1005	905
787	687
362	262
321	221
417	317
1009	909
1086	986
645	545
263	163
1088	988
498	398
956	856
440	340
726	626
329	229
559	459
407	307
439	339
1025	925
548	448
369	269
373	273
295	195
411	311
552	452
126	26
882	782
589	489
216	116
919	819
958	858
344	244
1068	968
703	603
824	724
631	531
1070	970
430	330
1081	981
438	338
1002	902
388	288
1089	989
420	320
533	433
614	514
889	789
497	397
455	355
330	230
108	8
527	427
626	526
372	272
531	431
404	304
462	362
690	590
940	840
669	569
915	815
762	662
254	154
503	403
762	662
611	511
596	496
951	851
905	805
560	460
363	263
453	353
407	307
222	122
949	849
767	667
518	418
283	183
815	715
889	789
293	193
640	540
880	780
993	893
1007	907
867	767
488	388
390	290
781	681
850	750
823	723
886	786
686	586
1002	902
343	243
682	582
743	643
841	741
744	644
334	234
232	132
243	143
776	676
197	97
283	183
425	325
716	616
538	438
737	637
449	349
936	836
441	341
851	751
550	450
951	851
683	583
666	566
503	403
968	868
424	324
363	263
214	114
157	57
279	179
1043	943
927	827
697	597
777	677
858	758
984	884
157	57
140	40
239	139
383	283
319	219
595	495
968	868
238	138
583	483
851	751
1004	904
956	856
1063	963
624	524
1016	916
870	770
303	203
110	10
914	814
899	799
914	814
1075	975
613	513
949	849
289	189
489	389
201	101
226	126
458	358
986	886
214	114
482	382
773	673
252	152
365	265
428	328
874	774
468	368
899	799
457	357
1081	981
306	206
530	430
886	786
356	256
772	672
313	213
740	640
422	322
997	897
791	691
345	245
639	539
957	857
417	317
963	863
303	203
738	638
600	500
1010	910
821	721
691	591
969	869
339	239
566	466
479	379
266	166
986	886
566	466
499	399
458	358
1052	952
191	91
1074	974
798	698
842	742
699	599
1078	978
212	112
161	61
375	275
277	177
261	161
375	275
574	474
808	708
924	824
568	468
558	458
301	201
358	258
702	602
372	272
148	48
533	433
727	627
511	411
318	218
149	49
400	300
355	255
937	837
761	661
1064	964
461	361
912	812
867	767
695	595
734	634
911	811
655	555
173	73
390	290
829	729
498	398
127	27
366	266
722	622
372	272
819	719
721	621
272	172
247	147
877	777
1048	948
925	825
587	487
411	311
625	525
950	850
864	764
555	455
643	543
648	548
615	515
892	792
153	53
336	236
894	794
353	253
152	52
806	706
652	552
199	99
762	662
128	28
755	655
548	448
1028	928
754	654
290	190
1049	949
749	649
922	822
180	80
708	608
765	665
439	339
418	318
523	423
172	72
495	395
603	503
675	575
788	688
275	175
788	688
778	678
389	289
311	211
685	585
860	760
605	505
950	850
312	212
258	158
329	229
971	871
686	586
522	422
813	713
114	14
672	572
551	451
548	448
932	832
831	731
632	532
501	401
177	77
1000	900
543	443
234	134
1016	916
1024	924
528	428
326	226
858	758
439	339
465	365
906	806
733	633
932	832
392	292
604	504
228	128
765	665
503	403
236	136
972	872
657	557
741	641
364	264
1033	933
629	529
1031	931
428	328
335	235
831	731
388	288
879	779
468	368
234	134
454	354
806	706
362	262
326	226
595	495
143	43
267	167
163	63
627	527
162	62
397	297
218	118
709	609
783	683
853	753
888	788
898	798
222	122
659	559
423	323
863	763
169	69
133	33
550	450
357	257
635	535
862	762
788	688
106	6
508	408
886	786
590	490
452	352
580	480
139	39
237	137
683	583
170	70
300	200
886	786
1012	912
363	263
424	324
311	211
923	823
211	111
476	376
559	459
669	569
1020	920
827	727
827	727
323	223
960	860
863	763
161	61
234	134
900	800
598	498
1082	982
376	276
171	71
1057	957
1089	989
697	597
443	343
702	602
995	895
383	283
1097	997
533	433
514	414
328	228
140	40
1047	947
1082	982
881	781
104	4
530	430
454	354
1073	973
746	646
193	93
664	564
312	212
387	287
1032	932
308	208
958	858
691	591
238	138
111	11
288	188
491	391
947	847
289	189
308	208
686	586
665	565
868	768
1030	930
565	465
446	346
712	612
780	680
310	210
231	131
461	361
348	248
680	580
145	45
468	368
525	425
1062	962
721	621
883	783
794	694
293	193
511	411
545	445
176	76
575	475
137	37
992	892
813	713
241	141
971	871
287	187
810	710
618	518
851	751
353	253
549	449
394	294
488	388
1055	955
844	744
169	69
104	4
520	420
348	248
585	485
220	120
833	733
715	615
1034	934
640	540
786	686
125	25
786	686
351	251
341	241
739	639
590	490
404	304
635	535
595	495
338	238
435	335
493	393
200	100
793	693
181	81
348	248
761	661
1034	934
578	478
989	889
224	124
959	859
401	301
1005	905
129	29
955	855
587	487
372	272
298	198
303	203
326	226
625	525
401	301
889	789
509	409
562	462
120	20
537	437
445	345
310	210
526	426
665	565
442	342
594	494
544	444
905	805
560	460
748	648
229	129
492	392
861	761
855	755
607	507
323	223
883	783
1099	999
964	864
828	728
196	96
760	660
420	320
199	99
894	794
719	619
990	890
340	240
238	138
877	777
339	239
363	263
1012	912
668	568
840	740
982	882
142	42
787	687
622	522
848	748
727	627
433	333
515	415
377	277
815	715
763	663
293	193
209	109
188	88
226	126
1004	904
167	67
909	809
803	703
1037	937
160	60
369	269
356	256
860	760
856	756
453	353
1012	912
934	834
201	101
228	128
856	756
156	56
221	121
296	196
110	10
307	207
777	677
919	819
903	803
1025	925
768	668
306	206
254	154
826	726
976	876
455	355
984	884
712	612
174	74
270	170
143	43
929	829
769	669
128	28
663	563
362	262
501	401
123	23
147	47
1082	982
1031	931
826	726
461	361
577	477
1040	940
505	405
961	861
743	643
992	892
647	547
1076	976
801	701
968	868
172	72
206	106
797	697
651	551
1058	958
489	389
535	435
1082	982
967	867
837	737
501	401
995	895
512	412
1058	958
493	393
717	617
290	190
321	221
806	706
619	519
106	6
872	772
235	135
434	334
864	764
790	690
153	53
388	288
146	46
229	129
1078	978
454	354
836	736
932	832
219	119
135	35
428	328
526	426
390	290
671	571
537	437
1044	944
165	65
166	66
713	613
437	337
373	273
382	282
165	65
878	778
652	552
679	579
617	517
239	139
742	642
615	515
104	4
370	270
572	472
851	751
837	737
584	484
668	568
215	115
756	656
314	214
849	749
390	290
430	330
513	413
890	790
919	819
331	231
978	878
553	453
1036	936
138	38
634	534
730	630
584	484
316	216
305	205
779	679
700	600
919	819
318	218
410	310
174	74
790	690
359	259
385	285
190	90
566	466
963	863
959	859
318	218
851	751
207	107
1057	957
1030	930
785	685
665	565
718	618
457	357
606	506
124	24
112	12
840	740
404	304
224	124
685	585
513	413
477	377
709	609
565	465
236	136
1039	939
572	472
623	523
897	797
623	523
866	766
132	32
504	404
717	617
561	461
817	717
795	695
503	403
1024	924
887	787
1061	961
592	492
430	330
924	824
246	146
392	292
288	188
134	34
486	386
237	137
863	763
325	225
164	64
870	770
720	620
710	610
605	505
962	862
401	301
445	345
501	401
782	682
113	13
551	451
1030	930
981	881
885	785
989	889
482	382
729	629
1059	959
380	280
654	554
592	492
372	272
1026	926
1013	913
555	455
771	671
955	855
509	409
208	108
973	873
393	293
899	799
655	555
124	24
178	78
398	298
857	757
596	496
195	95
898	798
716	616
488	388
1091	991
316	216
107	7
258	158
194	94
693	593
978	878
614	514
528	428
293	193
1056	956
689	589
962	862
445	345
397	297
123	23
286	186
264	164
803	703
110	10
688	588
599	499
840	740
610	510
870	770
680	580
793	693
1007	907
286	186
106	6
787	687
174	74
1087	987
528	428
491	391
861	761
676	576
575	475
217	117
683	583
130	30
201	101
507	407
466	366
695	595
315	215
701	601
929	829
980	880
1004	904
357	257
699	599
879	779
300	200
938	838
681	581
486	386
515	415
674	574
1002	902
1046	946
179	79
110	10
923	823
589	489
324	224
594	494
340	240
359	259
444	344
857	757
399	299
405	305
112	12
622	522
181	81
741	641
1092	992
1077	977
783	683
850	750
987	887
679	579
678	578
1019	919
452	352
732	632
967	867
882	782
761	661
523	423
615	515
979	879
213	113
397	297
238	138
260	160
1097	997
512	412
1011	911
419	319
459	359
423	323
156	56
1002	902
843	743
1039	939
616	516
744	644
619	519
260	160
172	72
218	118
507	407
1010	910
582	482
207	107
422	322
999	899
745	645
265	165
357	257
925	825
349	249
1054	954
198	98
758	658
306	206
358	258
625	525
536	436
425	325
904	804
806	706
360	260
855	755
573	473
293	193
1070	970
806	706
442	342
608	508
512	412
261	161
152	52
922	822
809	709
427	327
685	585
115	15
321	221
461	361
975	875
115	15
286	186
500	400
646	546
513	413
479	379
637	537
383	283
402	302
907	807
446	346
382	282
498	398
759	659
566	466
816	716
859	759
734	634
914	814
822	722
743	643
162	62
656	556
453	353
531	431
913	813
193	93
675	575
610	510
804	704
936	836
1084	984
1042	942
609	509
962	862
722	622
624	524
392	292
105	5
779	679
379	279
586	486
529	429
676	576
295	195
309	209
181	81
1100	1000
601	501
388	288
1055	955
459	359
994	894
1099	999
267	167
313	213
594	494
465	365
654	554
475	375
570	470
622	522
1040	940
127	27
229	129
196	96
731	631
193	93
116	16
361	261
735	635
239	139
717	617
1074	974
604	504
431	331
143	43
932	832
675	575
720	620
1085	985
876	776
850	750
117	17
364	264
922	822
928	828
107	7
1014	914
516	416
703	603
960	860
528	428
566	466
926	826
389	289
873	773
286	186
872	772
720	620
577	477
987	887
318	218
807	707
512	412
283	183
919	819
1071	971
624	524
703	603
968	868
526	426
321	221
923	823
793	693
624	524
625	525
610	510
428	328
238	138
373	273
1055	955
130	30
814	714
969	869
750	650
604	504
499	399
232	132
576	476
195	95
148	48
985	885
485	385
956	856
563	463
838	738
260	160
596	496
580	480
194	94
126	26
819	719
741	641
494	394
105	5
704	604
780	680
744	644
704	604
953	853
267	167
496	396
160	60
269	169
529	429
920	820
669	569
137	37
731	631
632	532
235	135
499	399
696	596
1035	935
392	292
366	266
770	670
874	774
798	698
122	22
775	675
883	783
1039	939
903	803
503	403
662	562
681	581
278	178
185	85
363	263
745	645
844	744
1014	914
434	334
775	675
699	599
419	319
421	321
873	773
146	46
769	669
135	35
674	574
424	324
1094	994
632	532
898	798
634	534
464	364
392	292
687	587
137	37
967	867
510	410
1088	988
554	454
408	308
199	99
852	752
491	391
319	219
143	43
736	636
1019	919
433	333
1040	940
487	387
943	843
655	555
1004	904
595	495
605	505
526	426
408	308
234	134
1014	914
324	224
207	107
701	601
101	1
213	113
927	827
362	262
951	851
403	303
701	601
777	677
1086	986
380	280
1008	908
667	567
462	362
157	57
692	592
902	802
874	774
109	9
886	786
1021	921
852	752
1076	976
647	547
572	472
920	820
1098	998
895	795
874	774
267	167
988	888
1047	947
847	747
957	857
616	516
842	742
589	489
352	252
346	246
633	533
882	782
860	760
960	860
402	302
355	255
553	453
224	124
180	80
429	329
528	428
1001	901
642	542
261	161
839	739
910	810
505	405
275	175
821	721
1084	984
827	727
877	777
940	840
225	125
741	641
783	683
923	823
150	50
742	642
863	763
1045	945
561	461
206	106
1036	936
955	855
128	28
509	409
892	792
836	736
744	644
421	321
648	548
1013	913
463	363
966	866
900	800
894	794
241	141
454	354
363	263
457	357
1071	971
986	886
488	388
1079	979
887	787
846	746
1071	971
425	325
148	48
829	729
825	725
360	260
277	177
518	418
886	786
945	845
892	792
563	463
645	545
577	477
181	81
823	723
855	755
752	652
574	474
891	791
698	598
397	297
789	689
1029	929
985	885
750	650
884	784
149	49
633	533
922	822
314	214
221	121
1078	978
750	650
892	792
109	9
460	360
416	316
537	437
1000	900
137	37
987	887
923	823
391	291
319	219
247	147
144	44
568	468
320	220
852	752
296	196
1051	951
178	78
131	31
818	718
920	820
130	30
833	733
455	355
575	475
128	28
944	844
396	296
234	134
882	782
383	283
1034	934
348	248
539	439
421	321
855	755
501	401
827	727
807	707
305	205
1021	921
736	636
774	674
288	188
507	407
697	597
471	371
1081	981
644	544
797	697
536	436
256	156
788	688
1065	965
120	20
1050	950
869	769
888	788
972	872
488	388
617	517
380	280
554	454
599	499
933	833
555	455
835	735
325	225
452	352
950	850
618	518
342	242
460	360
763	663
940	840
732	632
426	326
514	414
715	615
981	881
637	537
396	296
1043	943
638	538
1089	989
495	395
567	467
118	18
171	71
302	202
649	549
341	241
300	200
693	593
573	473
531	431
196	96
283	183
232	132
149	49
172	72
1072	972
874	774
105	5
807	707
334	234
621	521
499	399
150	50
403	303
985	885
329	229
1087	987
284	184
150	50
369	269
569	469
574	474
381	281
282	182
551	451
646	546
828	728
351	251
646	546
980	880
1066	966
1061	961
640	540
886	786
177	77
490	390
954	854
648	548
920	820
559	459
611	511
792	692
218	118
402	302
483	383
437	337
592	492
449	349
858	758
501	401
753	653
417	317
218	118
593	493
1058	958
1048	948
611	511
877	777
347	247
506	406
283	183
764	664
486	386
904	804
247	147
921	821
1028	928
960	860
371	271
392	292
246	146
149	49
426	326
1074	974
525	425
406	306
1051	951
639	539
582	482
573	473
640	540
382	282
206	106
782	682
452	352
936	836
685	585
1055	955
288	188
291	191
738	638
798	698
314	214
266	166
547	447
149	49
450	350
754	654
575	475
1099	999
522	422
487	387
715	615
405	305
586	486
333	233
333	233
1026	926
613	513
530	430
608	508
428	328
908	808
840	740
372	272
513	413
253	153
601	501
449	349
1089	989
1088	988
323	223
632	532
1099	999
829	729
515	415
822	722
248	148
716	616
481	381
837	737
373	273
1047	947
891	791
620	520
299	199
561	461
404	304
1066	966
264	164
370	270
756	656
980	880
146	46
298	198
785	685
411	311
609	509
856	756
306	206
388	288
754	654
441	341
390	290
581	481
193	93
433	333
1042	942
573	473
315	215
698	598
641	541
1001	901
321	221
878	778
813	713
503	403
672	572
810	710
228	128
304	204
974	874
1049	949
199	99
783	683
471	371
993	893
516	416
577	477
413	313
503	403
899	799
696	596
230	130
266	166
125	25
976	876
471	371
838	738
1088	988
260	160
127	27
456	356
583	483
446	346
958	858
953	853
166	66
226	126
316	216
497	397
692	592
197	97
662	562
649	549
945	845
791	691
594	494
772	672
727	627
242	142
1004	904
667	567
276	176
758	658
1050	950
772	672
565	465
1099	999
162	62
606	506
1071	971
234	134
915	815
108	8
1031	931
465	365
792	692
435	335
333	233
959	859
1038	938
453	353
247	147
414	314
107	7
815	715
513	413
565	465
968	868
128	28
369	269
743	643
891	791
112	12
486	386
581	481
770	670
855	755
110	10
670	570
442	342
1015	915
538	438
103	3
985	885
256	156
854	754
448	348
123	23
464	364
517	417
515	415
737	637
508	408
354	254
977	877
1033	933
248	148
713	613
715	615
798	698
671	571
323	223
1042	942
535	435
936	836
1040	940
571	471
902	802
365	265
767	667
187	87
1031	931
1081	981
665	565
266	166
536	436
1037	937
884	784
431	331
807	707
599	499
899	799
344	244
766	666
103	3
227	127
228	128
884	784
823	723
896	796
328	228
566	466
711	611
558	458
250	150
515	415
578	478
923	823
229	129
581	481
425	325
361	261
497	397
234	134
938	838
882	782
398	298
234	134
125	25
820	720
485	385
380	280
386	286
900	800
459	359
689	589
505	405
186	86
1082	982
350	250
508	408
252	152
857	757
564	464
422	322
621	521
1063	963
1025	925
239	139
333	233
153	53
987	887
927	827
834	734
400	300
930	830
853	753
267	167
305	205
779	679
238	138
335	235
978	878
130	30
430	330
1019	919
674	574
932	832
879	779
394	294
1030	930
154	54
139	39
246	146
452	352
745	645
687	587
549	449
125	25
623	523
646	546
448	348
948	848
600	500
526	426
917	817
566	466
742	642
228	128
636	536
677	577
831	731
895	795
206	106
909	809
952	852
235	135
681	581
953	853
136	36
1093	993
864	764
243	143
223	123
606	506
287	187
879	779
101	1
798	698
101	1
810	710
823	723
774	674
170	70
708	608
435	335
385	285
120	20
863	763
157	57
536	436
797	697
883	783
419	319
457	357
846	746
696	596
307	207
995	895
216	116
1087	987
196	96
665	565
416	316
454	354
233	133
576	476
686	586
204	104
1015	915
914	814
256	156
651	551
372	272
1028	928
378	278
562	462
729	629
997	897
298	198
916	816
732	632
389	289
535	435
218	118
1091	991
852	752
1071	971
587	487
115	15
460	360
483	383
500	400
922	822
253	153
183	83
901	801
740	640
293	193
270	170
544	444
570	470
769	669
787	687
926	826
106	6
125	25
386	286
536	436
447	347
268	168
572	472
207	107
664	564
469	369
793	693
560	460
583	483
442	342
504	404
168	68
632	532
710	610
394	294
199	99
1017	917
434	334
477	377
124	24
816	716
236	136
180	80
141	41
1031	931
756	656
700	600
881	781
317	217
124	24
305	205
293	193
1079	979
188	88
783	683
167	67
1004	904
543	443
668	568
850	750
1086	986
294	194
234	134
270	170
603	503
623	523
163	63
995	895
1027	927
514	414
965	865
338	238
1013	913
295	195
285	185
448	348
130	30
646	546
539	439
975	875
327	227
321	221
261	161
1094	994
181	81
635	535
486	386
1060	960
434	334
108	8
262	162
326	226
476	376
204	104
235	135
1037	937
603	503
850	750
876	776
222	122
452	352
1035	935
280	180
1023	923
1067	967
1075	975
996	896
127	27
197	97
708	608
147	47
1059	959
987	887
400	300
679	579
401	301
818	718
564	464
870	770
946	846
624	524
891	791
697	597
465	365
729	629
411	311
670	570
555	455
423	323
305	205
373	273
658	558
432	332
524	424
935	835
842	742
433	333
632	532
274	174
646	546
145	45
378	278
497	397
1040	940
840	740
907	807
760	660
532	432
886	786
1099	999
510	410
775	675
336	236
251	151
395	295
625	525
924	824
350	250
865	765
484	384
662	562
1053	953
318	218
1008	908
788	688
142	42
127	27
293	193
1100	1000
1032	932
713	613
588	488
477	377
574	474
801	701
443	343
1026	926
717	617
391	291
1097	997
992	892
727	627
617	517
888	788
637	537
241	141
595	495
559	459
138	38
866	766
227	127
1089	989
573	473
1018	918
584	484
855	755
764	664
201	101
680	580
504	404
788	688
257	157
1076	976
545	445
859	759
898	798
160	60
354	254
1005	905
122	22
1023	923
573	473
403	303
1030	930
572	472
523	423
179	79
1002	902
707	607
357	257
448	348
865	765
821	721
372	272
793	693
1002	902
194	94
549	449
912	812
167	67
889	789
797	697
233	133
339	239
475	375
132	32
850	750
831	731
1070	970
817	717
825	725
521	421
461	361
938	838
648	548
409	309
821	721
534	434
102	2
425	325
714	614
258	158
592	492
313	213
1008	908
1084	984
493	393
156	56
1061	961
119	19
239	139
811	711
755	655
395	295
324	224
308	208
444	344
944	844
172	72
551	451
110	10
191	91
294	194
852	752
670	570
437	337
571	471
787	687
244	144
220	120
304	204
134	34
622	522
331	231
446	346
848	748
351	251
1057	957
843	743
625	525
839	739
499	399
317	217
833	733
284	184
674	574
924	824
199	99
485	385
787	687
477	377
480	380
225	125
1068	968
652	552
720	620
325	225
228	128
814	714
537	437
900	800
1088	988
468	368
661	561
112	12
998	898
891	791
441	341
191	91
767	667
273	173
488	388
946	846
630	530
210	110
944	844
1071	971
544	444
752	652
1030	930
758	658
287	187
1033	933
153	53
664	564
423	323
914	814
1029	929
867	767
339	239
506	406
663	563
778	678
837	737
105	5
560	460
881	781
185	85
671	571
400	300
919	819
388	288
497	397
728	628
620	520
894	794
413	313
963	863
258	158
105	5
815	715
570	470
839	739
781	681
509	409
827	727
408	308
242	142
893	793
1069	969
858	758
441	341
110	10
131	31
186	86
432	332
467	367
858	758
744	644
990	890
969	869
540	440
626	526
125	25
902	802
454	354
460	360
556	456
899	799
735	635
804	704
262	162
414	314
295	195
985	885
492	392
1085	985
198	98
289	189
421	321
813	713
1054	954
1021	921
590	490
796	696
543	443
137	37
455	355
622	522
303	203
424	324
602	502
884	784
291	191
1005	905
472	372
252	152
527	427
1028	928
178	78
1097	997
462	362
1070	970
889	789
274	174
535	435
947	847
538	438
593	493
892	792
626	526
778	678
834	734
968	868
204	104
1065	965
331	231
228	128
663	563
510	410
834	734
806	706
1094	994
383	283
913	813
1062	962
294	194
187	87
887	787
726	626
123	23
871	771
753	653
790	690
233	133
353	253
334	234
121	21
454	354
740	640
744	644
328	228
276	176
520	420
693	593
993	893
373	273
541	441
965	865
940	840
607	507
1044	944
575	475
409	309
1055	955
426	326
1012	912
928	828
597	497
113	13
281	181
947	847
631	531
568	468
711	611
1061	961
216	116
1054	954
604	504
494	394
768	668
1024	924
158	58
110	10
333	233
311	211
245	145
196	96
1094	994
704	604
150	50
277	177
818	718
113	13
589	489
365	265
302	202
681	581
431	331
718	618
301	201
117	17
301	201
274	174
545	445
947	847
964	864
966	866
864	764
588	488
922	822
1085	985
195	95
795	695
339	239
477	377
824	724
533	433
433	333
107	7
495	395
268	168
282	182
782	682
745	645
356	256
747	647
426	326
460	360
680	580
515	415
948	848
1059	959
282	182
722	622
213	113
354	254
838	738
456	356
1053	953
328	228
353	253
1010	910
853	753
845	745
811	711
902	802
928	828
1003	903
726	626
320	220
1087	987
712	612
906	806
878	778
512	412
689	589
839	739
1038	938
458	358
355	255
294	194
391	291
1040	940
571	471
421	321
908	808
647	547
449	349
235	135
594	494
353	253
635	535
362	262
519	419
315	215
325	225
553	453
308	208
604	504
733	633
435	335
903	803
924	824
1034	934
129	29
406	306
195	95
898	798
338	238
486	386
499	399
966	866
635	535
733	633
188	88
466	366
908	808
887	787
132	32
177	77
631	531
717	617
904	804
438	338
421	321
325	225
404	304
349	249
647	547
746	646
707	607
967	867
1054	954
403	303
420	320
348	248
527	427
922	822
969	869
1011	911
759	659
1083	983
597	497
933	833
646	546
812	712
625	525
256	156
203	103
843	743
1091	991
375	275
180	80
530	430
363	263
415	315
840	740
672	572
1027	927
532	432
836	736
266	166
915	815
458	358
270	170
823	723
734	634
199	99
361	261
897	797
845	745
797	697
645	545
414	314
678	578
654	554
138	38
110	10
977	877
752	652
545	445
208	108
318	218
440	340
415	315
805	705
717	617
950	850
358	258
258	158
760	660
992	892
805	705
976	876
922	822
433	333
1051	951
1013	913
363	263
697	597
197	97
999	899
739	639
734	634
948	848
566	466
193	93
703	603
621	521
823	723
1074	974
763	663
158	58
526	426
1010	910
279	179
782	682
696	596
547	447
1054	954
146	46
134	34
535	435
330	230
896	796
1037	937
843	743
185	85
1057	957
923	823
682	582
1092	992
312	212
468	368
1010	910
225	125
522	422
762	662
832	732
880	780
249	149
883	783
411	311
474	374
289	189
228	128
823	723
1053	953
373	273
524	424
233	133
692	592
1079	979
987	887
866	766
475	375
491	391
889	789
354	254
737	637
318	218
523	423
330	230
1070	970
728	628
391	291
893	793
396	296
995	895
473	373
604	504
233	133
1031	931
599	499
197	97
970	870
788	688
831	731
495	395
500	400
147	47
672	572
597	497
956	856
410	310
349	249
788	688
802	702
128	28
571	471
166	66
996	896
599	499
784	684
528	428
190	90
198	98
1069	969
121	21
310	210
608	508
744	644
201	101
1083	983
766	666
727	627
544	444
507	407
255	155
159	59
296	196
911	811
680	580
670	570
185	85
443	343
1009	909
504	404
961	861
930	830
660	560
550	450
165	65
871	771
370	270
398	298
281	181
1022	922
468	368
747	647
304	204
216	116
219	119
532	432
953	853
101	1
164	64
603	503
694	594
748	648
740	640
684	584
226	126
1014	914
579	479
293	193
1022	922
849	749
896	796
852	752
376	276
656	556
977	877
795	695
1016	916
888	788
493	393
457	357
328	228
941	841
449	349
427	327
392	292
683	583
187	87
312	212
699	599
592	492
982	882
1050	950
362	262
670	570
418	318
783	683
363	263
935	835
1087	987
903	803
1014	914
249	149
398	298
489	389
875	775
825	725
404	304
246	146
858	758
655	555
251	151
235	135
573	473
1001	901
1042	942
593	493
135	35
298	198
696	596
774	674
232	132
274	174
370	270
840	740
1016	916
783	683
937	837
887	787
542	442
664	564
538	438
848	748
871	771
708	608
203	103
463	363
1007	907
256	156
235	135
313	213
376	276
807	707
175	75
967	867
796	696
763	663
845	745
110	10
720	620
506	406
878	778
572	472
927	827
341	241
477	377
597	497
543	443
978	878
159	59
443	343
909	809
617	517
230	130
484	384
1040	940
203	103
870	770
709	609
220	120
646	546
1066	966
533	433
518	418
973	873
876	776
604	504
519	419
948	848
144	44
674	574
655	555
146	46
931	831
684	584
455	355
295	195
645	545
232	132
506	406
789	689
616	516
978	878
121	21
754	654
156	56
968	868
882	782
251	151
385	285
976	876
532	432
997	897
1000	900
305	205
154	54
693	593
399	299
142	42
929	829
507	407
373	273
548	448
979	879
1005	905
836	736
1049	949
741	641
407	307
195	95
478	378
990	890
239	139
781	681
585	485
830	730
484	384
755	655
1048	948
541	441
468	368
172	72
184	84
1093	993
504	404
725	625
607	507
830	730
420	320
462	362
769	669
142	42
683	583
689	589
383	283
426	326
304	204
319	219
471	371
158	58
343	243
289	189
396	296
901	801
465	365
736	636
661	561
486	386
854	754
153	53
932	832
771	671
133	33
369	269
285	185
855	755
743	643
512	412
126	26
771	671
442	342
589	489
861	761
661	561
937	837
774	674
412	312
669	569
1009	909
146	46
242	142
629	529
350	250
414	314
940	840
869	769
908	808
104	4
801	701
664	564
985	885
603	503
555	455
879	779
191	91
543	443
152	52
400	300
216	116
684	584
1048	948
403	303
394	294
251	151
770	670
432	332
210	110
393	293
687	587
999	899
1008	908
496	396
212	112
386	286
1010	910
279	179
858	758
348	248
163	63
693	593
183	83
101	1
203	103
543	443
329	229
293	193
832	732
574	474
208	108
539	439
273	173
455	355
521	421
316	216
653	553
248	148
400	300
652	552
585	485
336	236
578	478
557	457
560	460
204	104
800	700
1057	957
196	96
794	694
183	83
597	497
827	727
699	599
221	121
524	424
590	490
642	542
726	626
428	328
379	279
148	48
772	672
634	534
1002	902
859	759
1085	985
669	569
284	184
803	703
190	90
969	869
239	139
759	659
542	442
803	703
254	154
673	573
869	769
820	720
421	321
797	697
459	359
956	856
555	455
896	796
197	97
932	832
520	420
562	462
721	621
471	371
534	434
237	137
131	31
638	538
275	175
929	829
689	589
567	467
532	432
334	234
769	669
921	821
142	42
501	401
586	486
1063	963
1078	978
388	288
583	483
1070	970
860	760
266	166
525	425
792	692
366	266
1073	973
314	214
954	854
272	172
192	92
887	787
859	759
168	68
954	854
426	326
107	7
533	433
392	292
369	269
538	438
1077	977
1089	989
857	757
890	790
449	349
770	670
192	92
475	375
397	297
563	463
386	286
971	871
1084	984
718	618
216	116
687	587
1089	989
268	168
544	444
1035	935
664	564
110	10
1045	945
146	46
714	614
901	801
790	690
1019	919
255	155
142	42
613	513
496	396
870	770
350	250
886	786
484	384
472	372
445	345
607	507
168	68
1035	935
930	830
870	770
946	846
570	470
571	471
677	577
322	222
482	382
799	699
1027	927
930	830
759	659
379	279
453	353
994	894
133	33
1021	921
642	542
277	177
730	630
224	124
708	608
396	296
712	612
668	568
873	773
1085	985
497	397
633	533
841	741
440	340
891	791
104	4
403	303
341	241
595	495
1030	930
128	28
140	40
713	613
389	289
189	89
199	99
371	271
516	416
123	23
561	461
1028	928
690	590
944	844
618	518
780	680
716	616
170	70
922	822
881	781
211	111
529	429
536	436
882	782
372	272
194	94
113	13
246	146
293	193
337	237
297	197
562	462
789	689
195	95
386	286
961	861
233	133
633	533
318	218
629	529
743	643
256	156
474	374
500	400
520	420
222	122
121	21
839	739
159	59
855	755
961	861
132	32
137	37
101	1
359	259
739	639
840	740
334	234
298	198
1013	913
736	636
1023	923
366	266
832	732
452	352
551	451
1088	988
535	435
470	370
486	386
473	373
542	442
450	350
244	144
257	157
964	864
509	409
358	258
1057	957
393	293
479	379
210	110
1084	984
927	827
858	758
636	536
155	55
148	48
1054	954
1058	958
252	152
461	361
931	831
914	814
958	858
639	539
354	254
867	767
620	520
463	363
1025	925
1024	924
859	759
213	113
511	411
502	402
605	505
375	275
310	210
931	831
815	715
137	37
189	89
648	548
728	628
745	645
479	379
915	815
736	636
582	482
1029	929
690	590
887	787
686	586
1006	906
882	782
335	235
394	294
815	715
129	29
120	20
726	626
1016	916
1003	903
800	700
837	737
747	647
1049	949
948	848
522	422
865	765
617	517
560	460
985	885
931	831
1046	946
743	643
963	863
1066	966
919	819
904	804
1008	908
131	31
942	842
573	473
607	507
331	231
135	35
113	13
553	453
1026	926
1088	988
565	465
628	528
623	523
231	131
231	131
851	751
368	268
294	194
975	875
603	503
452	352
460	360
231	131
168	68
992	892
614	514
471	371
1006	906
938	838
131	31
242	142
123	23
493	393
213	113
913	813
233	133
441	341
242	142
770	670
778	678
230	130
634	534
477	377
1036	936
957	857
684	584
898	798
980	880
1019	919
921	821
929	829
1066	966
634	534
166	66
1012	912
380	280
753	653
388	288
422	322
245	145
687	587
353	253
487	387
709	609
889	789
1011	911
199	99
282	182
848	748
850	750
885	785
491	391
289	189
219	119
910	810
191	91
338	238
274	174
942	842
539	439
242	142
460	360
567	467
714	614
262	162
466	366
579	479
1062	962
340	240
329	229
999	899
821	721
989	889
871	771
366	266
1088	988
324	224
984	884
494	394
533	433
126	26
782	682
436	336
124	24
821	721
935	835
927	827
742	642
669	569
504	404
763	663
425	325
145	45
560	460
373	273
168	68
267	167
751	651
126	26
1015	915
103	3
1029	929
558	458
373	273
474	374
871	771
534	434
618	518
396	296
699	599
1049	949
320	220
479	379
789	689
672	572
669	569
179	79
427	327
937	837
742	642
528	428
707	607
347	247
784	684
207	107
500	400
177	77
848	748
1014	914
465	365
1000	900
918	818
404	304
479	379
418	318
736	636
547	447
196	96
1028	928
1002	902
186	86
1057	957
597	497
674	574
652	552
756	656
1013	913
631	531
666	566
1011	911
884	784
295	195
571	471
555	455
132	32
339	239
860	760
1066	966
117	17
703	603
117	17
268	168
981	881
590	490
776	676
882	782
561	461
955	855
814	714
690	590
437	337
658	558
400	300
695	595
340	240
212	112
583	483
1048	948
437	337
409	309
120	20
623	523
298	198
992	892
312	212
736	636
1094	994
282	182
959	859
569	469
962	862
221	121
316	216
240	140
868	768
132	32
165	65
559	459
276	176
1076	976
105	5
245	145
532	432
577	477
957	857
127	27
596	496
231	131
855	755
620	520
855	755
516	416
114	14
366	266
430	330
106	6
566	466
963	863
455	355
1059	959
179	79
779	679
866	766
533	433
458	358
965	865
807	707
365	265
1008	908
362	262
1070	970
419	319
527	427
143	43
825	725
741	641
990	890
1005	905
635	535
110	10
684	584
114	14
356	256
638	538
1062	962
852	752
828	728
331	231
485	385
171	71
882	782
1100	1000
206	106
892	792
355	255
136	36
383	283
211	111
939	839
868	768
343	243
1077	977
396	296
467	367
643	543
299	199
192	92
847	747
289	189
402	302
876	776
142	42
810	710
520	420
963	863
337	237
489	389
113	13
1027	927
286	186
115	15
111	11
161	61
861	761
802	702
536	436
908	808
823	723
250	150
985	885
160	60
1018	918
838	738
569	469
1010	910
449	349
1064	964
368	268
779	679
136	36
756	656
814	714
859	759
430	330
1087	987
1032	932
1011	911
843	743
313	213
540	440
1014	914
1065	965
1100	1000
294	194
541	441
190	90
304	204
148	48
622	522
1023	923
477	377
852	752
384	284
281	181
1060	960
781	681
1086	986
233	133
1003	903
906	806
141	41
271	171
649	549
456	356
231	131
745	645
784	684
461	361
241	141
867	767
831	731
818	718
114	14
251	151
825	725
597	497
642	542
1032	932
303	203
332	232
881	781
904	804
488	388
228	128
929	829
932	832
905	805
1003	903
762	662
680	580
570	470
885	785
810	710
343	243
157	57
715	615
822	722
388	288
763	663
763	663
314	214
979	879
221	121
696	596
585	485
461	361
748	648
177	77
970	870
162	62
109	9
952	852
375	275
729	629
941	841
337	237
723	623
1011	911
892	792
402	302
359	259
814	714
1009	909
249	149
153	53
765	665
962	862
176	76
929	829
197	97
758	658
1030	930
833	733
634	534
570	470
288	188
1073	973
456	356
772	672
109	9
820	720
261	161
735	635
871	771
299	199
627	527
691	591
332	232
140	40
340	240
776	676
572	472
903	803
678	578
311	211
598	498
364	264
750	650
997	897
803	703
211	111
124	24
772	672
768	668
638	538
750	650
227	127
270	170
848	748
975	875
329	229
523	423
225	125
215	115
235	135
341	241
105	5
380	280
122	22
844	744
879	779
1061	961
123	23
565	465
152	52
1081	981
428	328
796	696
584	484
845	745
796	696
694	594
225	125
220	120
672	572
132	32
453	353
280	180
238	138
475	375
753	653
463	363
631	531
521	421
560	460
586	486
1006	906
242	142
912	812
687	587
104	4
792	692
238	138
246	146
431	331
137	37
537	437
552	452
183	83
466	366
557	457
611	511
179	79
578	478
295	195
730	630
861	761
633	533
432	332
609	509
761	661
247	147
160	60
839	739
1052	952
545	445
136	36
1068	968
230	130
1029	929
627	527
458	358
721	621
447	347
1058	958
711	611
1077	977
517	417
307	207
304	204
1074	974
645	545
421	321
426	326
913	813
1062	962
643	543
618	518
992	892
699	599
282	182
976	876
542	442
433	333
1044	944
754	654
1021	921
726	626
454	354
1084	984
828	728
227	127
983	883
180	80
998	898
438	338
919	819
1081	981
292	192
1005	905
230	130
865	765
405	305
253	153
726	626
877	777
950	850
940	840
407	307
657	557
671	571
150	50
639	539
1096	996
186	86
196	96
1083	983
821	721
712	612
836	736
191	91
300	200
1042	942
345	245
182	82
710	610
913	813
306	206
503	403
563	463
1098	998
633	533
1100	1000
114	14
922	822
938	838
352	252
1092	992
473	373
883	783
756	656
407	307
702	602
258	158
438	338
1046	946
759	659
441	341
582	482
670	570
411	311
815	715
134	34
1043	943
535	435
801	701
198	98
681	581
689	589
598	498
785	685
654	554
356	256
1024	924
816	716
148	48
816	716
701	601
825	725
621	521
373	273
717	617
292	192
175	75
164	64
879	779
921	821
135	35
986	886
244	144
1000	900
477	377
665	565
745	645
451	351
111	11
464	364
535	435
1061	961
840	740
326	226
932	832
1094	994
144	44
408	308
182	82
734	634
781	681
111	11
165	65
228	128
670	570
1040	940
590	490
949	849
1026	926
473	373
733	633
229	129
822	722
897	797
959	859
406	306
621	521
701	601
613	513
714	614
713	613
187	87
548	448
630	530
136	36
452	352
170	70
805	705
483	383
171	71
371	271
445	345
440	340
741	641
121	21
963	863
983	883
412	312
386	286
166	66
281	181
116	16
299	199
954	854
204	104
872	772
587	487
580	480
363	263
658	558
250	150
733	633
730	630
414	314
1032	932
461	361
248	148
1017	917
1058	958
613	513
293	193
147	47
518	418
592	492
851	751
990	890
600	500
575	475
584	484
202	102
238	138
992	892
585	485
1023	923
438	338
810	710
923	823
414	314
695	595
552	452
1003	903
981	881
140	40
1071	971
329	229
787	687
410	310
857	757
115	15
258	158
343	243
315	215
949	849
825	725
988	888
852	752
109	9
171	71
927	827
548	448
130	30
929	829
326	226
227	127
474	374
322	222
926	826
171	71
822	722
995	895
877	777
1052	952
986	886
124	24
767	667
820	720
497	397
215	115
1029	929
344	244
606	506
661	561
909	809
1068	968
621	521
863	763
994	894
779	679
607	507
430	330
435	335
1036	936
316	216
735	635
962	862
177	77
851	751
903	803
187	87
981	881
821	721
406	306
364	264
153	53
1000	900
395	295
267	167
723	623
327	227
556	456
1058	958
235	135
143	43
1064	964
600	500
435	335
452	352
148	48
962	862
675	575
906	806
606	506
439	339
398	298
1047	947
977	877
529	429
333	233
669	569
589	489
422	322
510	410
550	450
322	222
510	410
329	229
320	220
1017	917
160	60
830	730
520	420
975	875
1037	937
141	41
182	82
910	810
722	622
264	164
120	20
701	601
800	700
922	822
1057	957
323	223
693	593
611	511
721	621
933	833
1023	923
1011	911
830	730
748	648
486	386
225	125
279	179
957	857
263	163
746	646
619	519
518	418
670	570
874	774
799	699
350	250
576	476
235	135
374	274
730	630
446	346
975	875
146	46
136	36
621	521
507	407
457	357
921	821
819	719
402	302
732	632
336	236
500	400
978	878
841	741
730	630
802	702
1040	940
368	268
393	293
987	887
795	695
362	262
1049	949
780	680
703	603
797	697
565	465
948	848
865	765
644	544
455	355
515	415
386	286
203	103
1067	967
817	717
762	662
657	557
630	530
219	119
738	638
518	418
1064	964
1007	907
205	105
596	496
611	511
105	5
1092	992
105	5
327	227
607	507
677	577
866	766
620	520
583	483
847	747
1068	968
267	167
976	876
109	9
388	288
970	870
581	481
212	112
682	582
680	580
387	287
670	570
124	24
495	395
608	508
528	428
814	714
822	722
397	297
721	621
686	586
344	244
768	668
825	725
179	79
566	466
647	547
224	124
1083	983
239	139
599	499
968	868
767	667
1040	940
814	714
697	597
963	863
225	125
384	284
649	549
250	150
244	144
862	762
605	505
1039	939
610	510
982	882
593	493
294	194
332	232
995	895
1024	924
856	756
595	495
564	464
921	821
717	617
724	624
643	543
902	802
236	136
884	784
788	688
610	510
550	450
339	239
845	745
902	802
593	493
1088	988
276	176
1008	908
608	508
353	253
323	223
888	788
264	164
717	617
385	285
1088	988
861	761
113	13
475	375
152	52
131	31
523	423
928	828
363	263
792	692
598	498
682	582
850	750
542	442
714	614
791	691
195	95
831	731
919	819
655	555
366	266
817	717
870	770
793	693
387	287
905	805
964	864
478	378
282	182
535	435
803	703
699	599
1077	977
129	29
938	838
1065	965
135	35
922	822
320	220
102	2
480	380
650	550
106	6
864	764
640	540
879	779
385	285
807	707
222	122
888	788
874	774
288	188
191	91
564	464
563	463
607	507
871	771
128	28
451	351
841	741
1064	964
127	27
759	659
279	179
236	136
579	479
733	633
694	594
1032	932
778	678
742	642
820	720
999	899
981	881
853	753
629	529
511	411
594	494
719	619
131	31
765	665
105	5
374	274
588	488
424	324
1091	991
630	530
261	161
1100	1000
390	290
258	158
957	857
150	50
925	825
252	152
132	32
1039	939
324	224
720	620
602	502
1063	963
1066	966
595	495
732	632
215	115
743	643
981	881
848	748
170	70
989	889
232	132
258	158
609	509
626	526
452	352
976	876
362	262
147	47
569	469
376	276
236	136
213	113
120	20
257	157
666	566
773	673
959	859
1022	922
353	253
387	287
925	825
364	264
483	383
485	385
732	632
873	773
741	641
679	579
819	719
158	58
590	490
615	515
517	417
609	509
454	354
580	480
203	103
968	868
573	473
692	592
156	56
624	524
765	665
360	260
1085	985
399	299
694	594
940	840
678	578
649	549
478	378
1003	903
273	173
695	595
866	766
472	372
207	107
1055	955
470	370
615	515
153	53
644	544
621	521
105	5
760	660
693	593
454	354
470	370
713	613
972	872
627	527
973	873
513	413
389	289
239	139
631	531
272	172
678	578
299	199
186	86
429	329
285	185
293	193
241	141
150	50
940	840
189	89
737	637
370	270
818	718
389	289
270	170
1078	978
988	888
277	177
356	256
440	340
417	317
976	876
185	85
219	119
187	87
367	267
1063	963
839	739
512	412
880	780
112	12
868	768
448	348
755	655
962	862
371	271
1074	974
944	844
290	190
953	853
919	819
423	323
240	140
696	596
676	576
890	790
490	390
175	75
682	582
348	248
787	687
317	217
863	763
349	249
579	479
279	179
353	253
917	817
928	828
1022	922
128	28
571	471
497	397
791	691
961	861
988	888
509	409
608	508
544	444
516	416
105	5
904	804
458	358
245	145
880	780
788	688
112	12
849	749
364	264
682	582
767	667
909	809
1099	999
563	463
469	369
244	144
230	130
1018	918
110	10
396	296
347	247
708	608
812	712
842	742
490	390
1003	903
189	89
1053	953
820	720
563	463
742	642
497	397
983	883
951	851
966	866
435	335
206	106
697	597
397	297
692	592
797	697
373	273
387	287
364	264
475	375
208	108
893	793
340	240
968	868
898	798
337	237
135	35
382	282
853	753
763	663
126	26
147	47
225	125
697	597
399	299
428	328
166	66
521	421
273	173
710	610
973	873
890	790
575	475
158	58
596	496
815	715
494	394
740	640
818	718
341	241
296	196
494	394
969	869
138	38
954	854
896	796
816	716
567	467
107	7
192	92
690	590
450	350
731	631
629	529
840	740
289	189
570	470
301	201
1073	973
297	197
210	110
305	205
130	30
336	236
339	239
269	169
131	31
266	166
659	559
756	656
302	202
528	428
479	379
905	805
156	56
128	28
347	247
936	836
974	874
293	193
218	118
354	254
277	177
174	74
987	887
871	771
702	602
653	553
704	604
358	258
494	394
990	890
868	768
360	260
853	753
159	59
696	596
779	679
122	22
294	194
578	478
522	422
595	495
205	105
842	742
858	758
1023	923
603	503
690	590
679	579
691	591
149	49
754	654
581	481
357	257
906	806
941	841
578	478
488	388
340	240
884	784
584	484
964	864
881	781
565	465
393	293
465	365
241	141
792	692
459	359
224	124
355	255
853	753
675	575
590	490
360	260
212	112
593	493
941	841
653	553
703	603
499	399
412	312
947	847
561	461
652	552
962	862
272	172
218	118
156	56
452	352
194	94
546	446
329	229
659	559
449	349
568	468
458	358
356	256
634	534
785	685
454	354
653	553
481	381
161	61
1082	982
1005	905
1075	975
1074	974
281	181
817	717
945	845
110	10
797	697
631	531
840	740
786	686
772	672
384	284
118	18
841	741
479	379
183	83
239	139
929	829
748	648
697	597
141	41
567	467
227	127
984	884
790	690
682	582
901	801
496	396
575	475
894	794
576	476
644	544
975	875
720	620
839	739
494	394
1014	914
345	245
918	818
1026	926
172	72
665	565
884	784
173	73
406	306
817	717
193	93
815	715
826	726
748	648
127	27
474	374
916	816
643	543
1020	920
350	250
1066	966
1084	984
709	609
763	663
314	214
310	210
855	755
826	726
171	71
132	32
543	443
585	485
256	156
283	183
445	345
1063	963
318	218
109	9
855	755
206	106
755	655
167	67
761	661
461	361
976	876
976	876
121	21
863	763
939	839
360	260
678	578
477	377
610	510
567	467
262	162
990	890
970	870
1007	907
250	150
175	75
273	173
984	884
246	146
232	132
531	431
488	388
157	57
331	231
361	261
740	640
338	238
105	5
201	101
224	124
257	157
795	695
294	194
815	715
603	503
442	342
303	203
520	420
624	524
691	591
982	882
429	329
1095	995
475	375
239	139
497	397
1089	989
786	686
640	540
1093	993
372	272
815	715
303	203
863	763
803	703
392	292
822	722
495	395
331	231
676	576
388	288
991	891
1088	988
656	556
662	562
879	779
806	706
274	174
747	647
906	806
323	223
109	9
845	745
401	301
105	5
737	637
250	150
250	150
674	574
414	314
386	286
829	729
604	504
1077	977
988	888
410	310
412	312
579	479
801	701
353	253
946	846
834	734
630	530
516	416
860	760
649	549
212	112
422	322
869	769
959	859
1033	933
1087	987
1085	985
625	525
1035	935
823	723
378	278
648	548
770	670
565	465
1067	967
273	173
659	559
582	482
1047	947
698	598
418	318
806	706
411	311
458	358
340	240
903	803
1034	934
846	746
778	678
371	271
230	130
580	480
913	813
663	563
1093	993
205	105
119	19
438	338
728	628
700	600
368	268
462	362
501	401
686	586
822	722
644	544
964	864
965	865
1039	939
311	211
630	530
1077	977
1056	956
291	191
169	69
337	237
984	884
1005	905
120	20
291	191
279	179
646	546
391	291
679	579
957	857
966	866
293	193
138	38
567	467
294	194
1066	966
732	632
315	215
713	613
520	420
1095	995
421	321
160	60
541	441
475	375
787	687
769	669
638	538
712	612
459	359
699	599
352	252
327	227
804	704
689	589
928	828
574	474
697	597
424	324
798	698
956	856
295	195
922	822
864	764
443	343
1020	920
1028	928
626	526
458	358
737	637
845	745
1050	950
388	288
780	680
637	537
1079	979
466	366
931	831
916	816
871	771
907	807
995	895
804	704
195	95
220	120
210	110
629	529
223	123
685	585
148	48
317	217
910	810
360	260
194	94
1001	901
123	23
1054	954
274	174
101	1
930	830
264	164
943	843
1060	960
852	752
607	507
432	332
405	305
1025	925
680	580
663	563
506	406
480	380
456	356
840	740
126	26
170	70
719	619
473	373
490	390
965	865
508	408
312	212
148	48
436	336
189	89
1087	987
148	48
452	352
329	229
173	73
292	192
497	397
269	169
823	723
356	256
679	579
191	91
236	136
519	419
716	616
730	630
998	898
918	818
626	526
862	762
971	871
935	835
955	855
1011	911
179	79
218	118
101	1
930	830
269	169
319	219
797	697
568	468
594	494
494	394
651	551
1079	979
607	507
329	229
869	769
886	786
477	377
635	535
734	634
956	856
442	342
604	504
662	562
798	698
876	776
452	352
427	327
285	185
1091	991
914	814
676	576
190	90
332	232
1027	927
992	892
743	643
1003	903
803	703
388	288
559	459
957	857
1084	984
787	687
875	775
611	511
632	532
663	563
529	429
634	534
540	440
414	314
674	574
768	668
1035	935
977	877
865	765
497	397
995	895
902	802
323	223
151	51
369	269
349	249
946	846
640	540
940	840
359	259
1010	910
537	437
688	588
762	662
678	578
993	893
642	542
401	301
1088	988
896	796
299	199
864	764
332	232
390	290
267	167
702	602
751	651
1080	980
419	319
291	191
649	549
804	704
326	226
913	813
716	616
574	474
677	577
1062	962
248	148
156	56
454	354
919	819
309	209
252	152
736	636
497	397
180	80
1085	985
598	498
313	213
563	463
138	38
565	465
151	51
201	101
920	820
735	635
873	773
680	580
285	185
241	141
491	391
455	355
146	46
714	614
627	527
561	461
621	521
914	814
128	28
103	3
252	152
913	813
480	380
824	724
668	568
601	501
788	688
265	165
147	47
626	526
200	100
786	686
765	665
498	398
663	563
389	289
1027	927
262	162
556	456
1003	903
347	247
626	526
251	151
1085	985
592	492
657	557
101	1
124	24
561	461
938	838
778	678
317	217
992	892
231	131
217	117
1085	985
441	341
755	655
899	799
652	552
954	854
887	787
558	458
201	101
673	573
785	685
717	617
986	886
704	604
801	701
925	825
982	882
958	858
593	493
906	806
234	134
336	236
481	381
904	804
108	8
725	625
484	384
109	9
351	251
151	51
435	335
499	399
987	887
340	240
620	520
236	136
608	508
324	224
255	155
246	146
783	683
902	802
876	776
182	82
557	457
1035	935
635	535
1004	904
972	872
584	484
142	42
230	130
123	23
1094	994
848	748
599	499
953	853
203	103
473	373
591	491
971	871
365	265
729	629
828	728
922	822
412	312
911	811
285	185
107	7
1005	905
824	724
937	837
788	688
940	840
448	348
365	265
1012	912
222	122
913	813
540	440
904	804
444	344
893	793
1096	996
478	378
707	607
1065	965
735	635
495	395
417	317
280	180
226	126
1030	930
626	526
528	428
655	555
312	212
832	732
1094	994
1086	986
575	475
241	141
569	469
440	340
943	843
1018	918
1085	985
355	255
371	271
1002	902
927	827
1034	934
885	785
161	61
952	852
985	885
985	885
175	75
568	468
111	11
716	616
593	493
896	796
516	416
566	466
645	545
291	191
658	558
985	885
1079	979
546	446
583	483
373	273
877	777
139	39
200	100
258	158
397	297
773	673
994	894
1033	933
366	266
155	55
698	598
552	452
931	831
706	606
856	756
1094	994
897	797
548	448
234	134
917	817
550	450
454	354
708	608
452	352
907	807
583	483
556	456
734	634
462	362
543	443
177	77
740	640
925	825
910	810
1089	989
741	641
693	593
1046	946
733	633
310	210
1084	984
271	171
529	429
239	139
1030	930
327	227
416	316
418	318
860	760
523	423
989	889
952	852
420	320
503	403
572	472
906	806
593	493
254	154
998	898
289	189
690	590
471	371
179	79
306	206
321	221
308	208
602	502
1066	966
1042	942
384	284
628	528
233	133
435	335
636	536
151	51
894	794
682	582
1070	970
998	898
783	683
969	869
102	2
1046	946
635	535
743	643
894	794
315	215
199	99
497	397
958	858
129	29
1025	925
214	114
1097	997
854	754
972	872
656	556
304	204
1020	920
112	12
1061	961
305	205
517	417
557	457
117	17
644	544
743	643
284	184
183	83
433	333
567	467
546	446
476	376
424	324
709	609
217	117
561	461
955	855
239	139
360	260
359	259
1061	961
464	364
950	850
612	512
342	242
520	420
144	44
206	106
358	258
877	777
559	459
1085	985
908	808
894	794
1024	924
1030	930
621	521
882	782
833	733
877	777
1093	993
342	242
113	13
839	739
742	642
293	193
933	833
277	177
154	54
881	781
1075	975
780	680
942	842
408	308
316	216
418	318
877	777
123	23
547	447
755	655
413	313
1056	956
301	201
161	61
171	71
471	371
556	456
842	742
198	98
169	69
876	776
851	751
834	734
948	848
1064	964
1011	911
212	112
315	215
682	582
778	678
605	505
458	358
638	538
960	860
869	769
520	420
329	229
754	654
1021	921
741	641
483	383
134	34
256	156
1051	951
606	506
232	132
1063	963
456	356
498	398
246	146
824	724
481	381
855	755
190	90
162	62
139	39
886	786
999	899
1064	964
1083	983
541	441
372	272
495	395
209	109
339	239
874	774
361	261
243	143
154	54
167	67
667	567
573	473
449	349
316	216
1100	1000
485	385
907	807
951	851
820	720
226	126
377	277
246	146
259	159
698	598
658	558
366	266
843	743
678	578
355	255
1021	921
916	816
506	406
340	240
647	547
508	408
817	717
447	347
341	241
136	36
422	322
549	449
493	393
380	280
893	793
727	627
242	142
499	399
247	147
454	354
819	719
1004	904
932	832
295	195
1002	902
1033	933
339	239
1047	947
291	191
1013	913
709	609
166	66
916	816
1033	933
744	644
587	487
691	591
355	255
279	179
580	480
586	486
755	655
519	419
288	188
176	76
195	95
724	624
812	712
1010	910
435	335
354	254
942	842
1055	955
1062	962
247	147
593	493
809	709
821	721
541	441
885	785
430	330
990	890
798	698
154	54
262	162
681	581
888	788
137	37
464	364
342	242
952	852
535	435
917	817
565	465
1062	962
110	10
538	438
768	668
600	500
597	497
624	524
922	822
681	581
947	847
1021	921
211	111
1097	997
317	217
1047	947
635	535
926	826
196	96
406	306
257	157
855	755
941	841
703	603
1066	966
475	375
878	778
814	714
738	638
671	571
566	466
104	4
923	823
694	594
962	862
758	658
767	667
314	214
1024	924
853	753
819	719
729	629
137	37
1067	967
474	374
372	272
712	612
884	784
946	846
809	709
290	190
842	742
896	796
208	108
537	437
1091	991
827	727
898	798
457	357
332	232
231	131
893	793
757	657
1020	920
497	397
596	496
479	379
1043	943
258	158
579	479
291	191
745	645
170	70
929	829
294	194
267	167
498	398
966	866
400	300
623	523
869	769
444	344
227	127
737	637
580	480
977	877
623	523
615	515
509	409
762	662
804	704
983	883
199	99
636	536
739	639
280	180
621	521
468	368
530	430
813	713
636	536
914	814
232	132
851	751
174	74
604	504
391	291
432	332
528	428
438	338
1094	994
1077	977
969	869
1062	962
1080	980
792	692
449	349
627	527
1014	914
567	467
256	156
659	559
575	475
1039	939
640	540
623	523
400	300
606	506
561	461
483	383
793	693
912	812
337	237
570	470
476	376
174	74
397	297
855	755
498	398
566	466
257	157
566	466
196	96
891	791
1096	996
496	396
971	871
948	848
889	789
333	233
284	184
331	231
110	10
724	624
1028	928
892	792
642	542
438	338
1099	999
749	649
430	330
689	589
928	828
700	600
640	540
912	812
377	277
851	751
408	308
640	540
941	841
961	861
496	396
133	33
777	677
523	423
560	460
579	479
859	759
544	444
1027	927
640	540
862	762
314	214
338	238
1062	962
1010	910
151	51
675	575
727	627
103	3
1055	955
718	618
385	285
990	890
1097	997
899	799
337	237
524	424
710	610
706	606
415	315
355	255
515	415
581	481
609	509
834	734
889	789
135	35
546	446
592	492
782	682
1080	980
1026	926
842	742
888	788
264	164
975	875
833	733
727	627
254	154
464	364
858	758
728	628
863	763
420	320
923	823
751	651
383	283
648	548
1019	919
721	621
752	652
447	347
991	891
591	491
1028	928
747	647
973	873
926	826
696	596
1050	950
606	506
716	616
719	619
621	521
877	777
1013	913
479	379
210	110
279	179
171	71
973	873
593	493
518	418
692	592
456	356
979	879
390	290
813	713
628	528
486	386
450	350
1029	929
782	682
877	777
276	176
660	560
559	459
1052	952
944	844
530	430
471	371
338	238
907	807
428	328
623	523
191	91
317	217
112	12
834	734
189	89
848	748
890	790
1097	997
498	398
396	296
336	236
194	94
1043	943
401	301
128	28
588	488
781	681
240	140
561	461
178	78
853	753
519	419
254	154
777	677
267	167
477	377
828	728
987	887
613	513
628	528
697	597
741	641
303	203
1091	991
486	386
838	738
991	891
253	153
633	533
726	626
676	576
1003	903
888	788
253	153
268	168
140	40
1064	964
437	337
568	468
797	697
543	443
558	458
812	712
894	794
529	429
166	66
323	223
505	405
1007	907
658	558
640	540
447	347
639	539
134	34
887	787
1017	917
892	792
693	593
745	645
136	36
1077	977
422	322
1086	986
273	173
1012	912
835	735
461	361
657	557
493	393
623	523
167	67
680	580
230	130
827	727
282	182
621	521
709	609
925	825
193	93
174	74
468	368
1061	961
113	13
594	494
746	646
797	697
542	442
390	290
684	584
1037	937
804	704
776	676
1033	933
640	540
385	285
483	383
467	367
855	755
935	835
135	35
520	420
360	260
1008	908
700	600
200	100
107	7
530	430
843	743
378	278
456	356
722	622
161	61
151	51
847	747
120	20
248	148
492	392
394	294
618	518
1071	971
506	406
348	248
411	311
589	489
191	91
597	497
955	855
1015	915
377	277
541	441
376	276
822	722
1048	948
251	151
1073	973
775	675
401	301
660	560
365	265
320	220
688	588
380	280
625	525
120	20
338	238
581	481
200	100
1020	920
424	324
289	189
180	80
922	822
999	899
221	121
371	271
427	327
717	617
316	216
870	770
394	294
142	42
1012	912
963	863
268	168
852	752
698	598
330	230
147	47
293	193
437	337
708	608
323	223
294	194
1025	925
1079	979
143	43
1038	938
1067	967
510	410
1073	973
925	825
212	112
173	73
597	497
315	215
124	24
747	647
872	772
941	841
1100	1000
416	316
234	134
953	853
447	347
582	482
469	369
395	295
614	514
1019	919
521	421
705	605
879	779
324	224
998	898
921	821
625	525
278	178
1093	993
194	94
1087	987
238	138
156	56
695	595
918	818
620	520
370	270
805	705
800	700
974	874
865	765
962	862
954	854
520	420
1088	988
895	795
707	607
568	468
426	326
474	374
355	255
725	625
640	540
209	109
602	502
877	777
1057	957
737	637
882	782
161	61
842	742
480	380
203	103
789	689
347	247
794	694
347	247
1076	976
534	434
840	740
919	819
1073	973
396	296
712	612
659	559
208	108
838	738
541	441
938	838
994	894
301	201
206	106
955	855
839	739
262	162
341	241
912	812
198	98
638	538
1094	994
252	152
248	148
613	513
711	611
224	124
875	775
314	214
718	618
210	110
474	374
971	871
733	633
714	614
586	486
247	147
531	431
1098	998
951	851
355	255
197	97
162	62
1029	929
693	593
522	422
605	505
778	678
104	4
972	872
372	272
456	356
908	808
889	789
1045	945
289	189
649	549
993	893
144	44
675	575
696	596
659	559
365	265
107	7
150	50
592	492
636	536
473	373
493	393
469	369
207	107
979	879
308	208
771	671
561	461
276	176
586	486
952	852
466	366
532	432
188	88
218	118
170	70
425	325
459	359
369	269
600	500
682	582
692	592
1074	974
457	357
310	210
365	265
625	525
1025	925
602	502
573	473
603	503
762	662
953	853
1049	949
257	157
550	450
613	513
871	771
1072	972
1098	998
1044	944
248	148
366	266
913	813
119	19
559	459
271	171
897	797
364	264
905	805
181	81
775	675
715	615
128	28
894	794
1066	966
437	337
256	156
127	27
422	322
672	572
836	736
399	299
352	252
791	691
870	770
542	442
865	765
646	546
250	150
748	648
425	325
156	56
837	737
454	354
577	477
641	541
151	51
442	342
412	312
975	875
1090	990
548	448
131	31
892	792
646	546
426	326
564	464
605	505
947	847
1066	966
662	562
423	323
946	846
475	375
644	544
623	523
145	45
488	388
707	607
325	225
263	163
782	682
613	513
983	883
102	2
579	479
167	67
385	285
1085	985
656	556
576	476
497	397
599	499
963	863
632	532
126	26
277	177
530	430
599	499
486	386
974	874
410	310
679	579
106	6
887	787
417	317
848	748
766	666
448	348
411	311
176	76
829	729
563	463
673	573
180	80
506	406
345	245
785	685
536	436
529	429
659	559
190	90
535	435
243	143
818	718
335	235
488	388
240	140
899	799
1022	922
637	537
583	483
619	519
343	243
881	781
977	877
546	446
192	92
621	521
468	368
1007	907
727	627
495	395
107	7
768	668
350	250
1015	915
707	607
900	800
316	216
399	299
360	260
968	868
358	258
639	539
254	154
610	510
1011	911
218	118
171	71
725	625
125	25
889	789
977	877
1033	933
610	510
1082	982
570	470
246	146
786	686
533	433
172	72
197	97
292	192
922	822
492	392
139	39
1033	933
777	677
178	78
386	286
446	346
1020	920
988	888
545	445
1036	936
422	322
141	41
583	483
361	261
335	235
461	361
361	261
1059	959
447	347
474	374
1096	996
690	590
597	497
291	191
609	509
1099	999
902	802
903	803
410	310
210	110
670	570
931	831
674	574
220	120
591	491
354	254
1078	978
1090	990
811	711
398	298
820	720
145	45
975	875
365	265
1069	969
367	267
158	58
368	268
724	624
400	300
430	330
117	17
894	794
862	762
500	400
452	352
109	9
143	43
695	595
518	418
837	737
608	508
819	719
265	165
177	77
408	308
637	537
1072	972
667	567
807	707
518	418
767	667
903	803
533	433
726	626
565	465
450	350
615	515
702	602
866	766
1068	968
931	831
377	277
720	620
359	259
701	601
648	548
413	313
771	671
795	695
249	149
886	786
544	444
859	759
1051	951
920	820
799	699
756	656
201	101
1008	908
134	34
929	829
848	748
678	578
508	408
759	659
426	326
992	892
339	239
844	744
1028	928
250	150
1082	982
1065	965
1093	993
426	326
772	672
804	704
261	161
175	75
914	814
851	751
596	496
447	347
891	791
435	335
476	376
1051	951
932	832
354	254
493	393
743	643
901	801
1028	928
1005	905
230	130
592	492
506	406
441	341
939	839
294	194
858	758
413	313
202	102
480	380
191	91
132	32
492	392
983	883
464	364
1021	921
993	893
888	788
351	251
362	262
320	220
600	500
944	844
510	410
706	606
479	379
1025	925
1018	918
1061	961
700	600
736	636
780	680
388	288
565	465
615	515
668	568
180	80
553	453
101	1
700	600
769	669
933	833
871	771
764	664
127	27
527	427
852	752
183	83
916	816
346	246
630	530
406	306
498	398
158	58
979	879
767	667
851	751
843	743
931	831
570	470
317	217
1050	950
573	473
831	731
877	777
128	28
474	374
918	818
531	431
631	531
1071	971
833	733
349	249
782	682
301	201
635	535
358	258
580	480
122	22
204	104
1038	938
534	434
900	800
1076	976
875	775
733	633
1011	911
594	494
252	152
526	426
772	672
699	599
848	748
455	355
147	47
315	215
908	808
127	27
485	385
420	320
107	7
107	7
923	823
424	324
831	731
417	317
218	118
852	752
686	586
538	438
1016	916
755	655
617	517
241	141
529	429
963	863
518	418
883	783
191	91
577	477
837	737
1090	990
744	644
324	224
247	147
770	670
1089	989
568	468
858	758
870	770
417	317
922	822
353	253
112	12
424	324
171	71
240	140
556	456
318	218
1027	927
974	874
415	315
128	28
179	79
739	639
985	885
420	320
990	890
113	13
980	880
206	106
165	65
934	834
544	444
164	64
934	834
815	715
493	393
1004	904
1088	988
1065	965
652	552
389	289
110	10
393	293
123	23
370	270
989	889
383	283
401	301
736	636
239	139
353	253
576	476
109	9
241	141
115	15
727	627
826	726
962	862
1003	903
297	197
645	545
538	438
224	124
551	451
172	72
945	845
1056	956
808	708
108	8
921	821
996	896
977	877
291	191
490	390
1072	972
354	254
293	193
186	86
983	883
621	521
339	239
1054	954
372	272
891	791
931	831
290	190
523	423
949	849
840	740
377	277
741	641
148	48
593	493
906	806
394	294
877	777
1032	932
439	339
705	605
229	129
545	445
139	39
787	687
1060	960
506	406
767	667
654	554
393	293
745	645
417	317
669	569
1010	910
232	132
321	221
301	201
206	106
886	786
1001	901
178	78
898	798
1032	932
241	141
352	252
444	344
341	241
148	48
309	209
967	867
783	683
923	823
371	271
283	183
700	600
452	352
132	32
792	692
724	624
607	507
814	714
903	803
854	754
388	288
262	162
117	17
267	167