94	485
506	326
416	248
992	421
649	322
237	795
457	43
815	845
446	955
422	252
791	9
359	901
667	122
598	94
7	738
544	574
334	715
766	882
994	367
893	984
633	299
131	433
428	682
700	72
617	874
874	138
720	856
419	145
794	995
196	529
997	199
116	277
908	97
539	719
707	242
569	107
537	122
931	70
726	98
487	600
772	645
513	267
81	972
943	895
58	213
303	748
764	487
536	923
724	29
789	674
479	540
142	554
339	467
641	46
196	710
494	553
66	191
824	724
208	730
711	988
800	90
314	340
289	549
401	196
466	865
689	678
833	570
225	936
244	722
849	651
113	123
379	431
361	508
65	585
486	853
686	642
286	992
889	725
24	286
491	812
891	859
90	663
181	88
214	179
17	187
472	619
418	261
419	846
356	192
682	261
306	514
201	886
385	530
952	849
500	294
194	799
737	391
324	330
992	298
224	790
946	204
819	448
420	654
800	863
406	928
941	294
70	801
560	608
795	769
583	70
595	8
695	183
463	696
742	616
171	561
352	801
858	481
182	396
887	997
606	458
470	737
955	844
552	656
764	331
493	465
363	132
588	70
220	636
982	810
261	171
793	398
796	800
872	240
347	617
768	744
785	109
741	448
187	553
339	160
408	59
320	451
442	902
518	730
127	634
23	731
375	47
513	358
1	526
593	659
686	668
235	507
239	652
751	289
129	464
232	581
518	588
551	909
992	31
212	472
487	54
548	209
954	87
166	180
898	303
599	880
153	840
261	465
970	115
753	720
938	270
317	722
955	378
181	906
154	803
107	892
518	557
2	615
265	551
20	837
868	183
503	866
818	122
906	599
254	422
517	226
177	38
302	284
459	640
784	630
571	775
246	497
2	489
686	977
273	572
272	700
387	57
101	117
604	853
541	264
465	128
447	274
483	571
425	61
609	658
514	535
998	792
34	560
304	370
495	584
743	889
400	6
32	466
612	919
535	139
336	383
809	27
735	896
599	911
427	628
966	933
954	176
780	254
677	279
829	589
370	407
203	127
457	933
20	126
523	624
677	462
590	596
125	970
189	382
156	516
180	895
354	760
946	423
444	35
951	223
976	517
517	258
18	888
602	489
664	20
339	898
96	345
909	876
817	776
109	938
230	663
344	825
983	751
164	112
618	235
269	99
895	622
387	276
161	689
865	567
912	473
297	327
595	833
394	162
42	761
379	894
970	355
690	359
66	941
261	719
26	240
522	320
180	972
2	305
890	22
727	578
703	471
719	237
994	730
17	739
244	201
764	872
899	580
278	461
647	664
666	264
529	808
539	306
148	435
565	69
459	290
187	479
802	91
986	71
241	294
45	459
579	668
466	844
237	375
89	879
705	467
299	345
796	693
429	467
65	100
623	141
702	291
999	670
401	781
196	46
904	59
204	357
720	100
408	493
327	661
148	206
617	254
611	310
15	425
320	258
679	407
791	614
604	313
801	901
893	496
246	350
44	121
973	795
821	617
63	439
94	104
386	795
805	141
505	525
612	414
241	45
570	762
150	749
700	518
564	637
897	976
713	416
595	523
39	247
848	759
304	416
168	644
658	395
634	379
978	216
127	657
100	792
80	497
224	934
106	5
953	970
919	657
224	994
329	348
869	309
336	539
45	798
235	932
271	145
539	868
512	909
434	869
766	902
811	768
770	717
115	211
78	919
404	919
470	703
979	240
700	617
887	386
435	860
722	556
13	290
621	220
376	527
979	39
3	972
687	555
814	655
882	579
423	329
188	581
993	507
700	156
127	462
955	46
287	166
562	665
465	865
772	926
478	218
869	898
638	493
946	805
152	415
460	464
434	874
874	895
379	748
407	437
963	429
145	543
544	861
64	878
9	355
57	383
205	716
472	184
313	28
426	128
488	725
432	940
212	889
39	530
275	53
781	723
926	876
958	754
123	940
884	116
842	658
621	755
252	253
158	395
183	993
134	663
470	667
421	313
301	548
139	413
355	724
957	648
176	700
817	434
910	223
171	157
475	6
33	145
620	935
241	294
406	913
98	629
494	495
671	652
209	110
824	596
637	757
595	424
990	488
296	339
708	713
498	654
874	52
113	606
794	916
876	678
147	775
35	974
292	275
899	384
195	796
555	594
278	716
203	829
283	517
629	513
291	454
67	459
320	655
720	652
152	482
451	383
362	840
997	238
989	533
708	849
727	834
80	797
315	693
586	997
308	351
877	376
422	946
588	671
68	444
755	648
235	260
530	387
238	272
316	537
843	945
502	420
186	460
186	144
652	486
773	586
790	280
682	337
488	354
111	936
928	539
242	954
245	675
225	696
813	354
393	17
353	938
264	58
477	851
234	355
364	139
848	454
753	519
752	4
112	139
605	134
50	498
374	13
647	883
373	110
710	872
70	246
792	68
575	685
979	192
814	834
786	810
229	211
714	698
355	415
559	50
861	131
789	762
386	893
106	29
748	144
560	764
217	532
585	101
313	593
155	432
915	880
363	773
568	646
965	77
921	694
49	227
83	194
26	359
320	374
545	431
314	313
526	794
537	24
542	387
516	425
376	758
180	81
425	290
363	546
623	691
300	421
787	714
292	800
839	116
205	460
111	852
156	677
941	694
904	567
868	753
827	561
358	743
374	257
249	540
788	308
100	345
472	40
463	732
939	768
544	22
565	170
850	384
829	185
656	427
556	251
536	355
499	110
10	30
509	795
207	671
782	943
735	74
427	482
505	556
437	709
795	687
139	132
596	961
816	434
540	298
986	716
945	490
385	515
618	352
730	300
150	513
409	581
290	25
691	581
241	906
265	969
645	150
112	479
948	578
430	544
175	121
439	919
524	825
213	105
579	735
870	736
333	882
991	328
776	742
143	356
751	952
38	110
774	201
572	66
764	25
118	613
401	825
306	351
303	188
676	778
996	523
402	270
901	620
34	891
551	302
731	482
879	404
464	641
74	395
17	441
110	50
220	965
711	877
697	408
381	150
483	971
531	537
314	91
291	505
157	171
252	388
676	187
557	304
180	61
52	585
44	247
295	713
380	770
44	714
430	406
580	251
892	896
913	380
89	481
585	375
556	388
355	293
750	275
862	546
869	766
824	855
513	282
612	770
291	186
429	44
606	965
279	823
717	700
597	409
708	853
836	449
819	832
783	437
701	406
572	398
415	465
283	689
667	821
357	627
750	831
799	93
947	574
353	215
872	933
505	56
731	127
294	952
546	333
422	351
66	934
298	735
201	103
454	848
499	808
117	320
681	483
186	780
825	953
433	16
254	955
299	95
503	178
400	416
54	99
447	597
671	227
521	697
56	618
572	941
823	527
67	95
494	656
835	351
140	68
968	351
374	96
14	239
875	810
851	994
253	765
81	281
938	657
866	786
106	190
300	821
548	733
748	682
9	635
830	362
762	539
522	872
708	383
747	748
721	443
866	868
651	278
535	279
738	509
39	624
797	918
481	371
173	294
338	319
644	575
480	128
141	74
804	359
469	389
600	313
654	1
400	649
981	114
534	419
921	396
301	998
284	214
351	196
127	294
474	553
949	225
549	718
905	173
112	161
644	957
313	67
294	759
707	909
958	566
537	392
509	808
137	544
788	555
555	843
894	664
936	124
47	988
832	655
908	159
210	697
414	602
804	500
404	369
461	822
577	431
469	167
827	889
994	767
706	152
579	349
755	217
95	958
346	626
619	670
308	682
994	735
98	998
78	411
185	428
269	455
79	365
424	718
568	436
277	358
894	94
964	460
471	717
62	511
472	909
369	139
152	49
384	237
303	555
895	502
357	719
173	326
631	226
626	302
795	268
48	801
829	399
517	40
123	43
830	305
179	488
48	339
12	335
264	961
905	630
587	680
858	638
583	695
197	154
784	266
98	477
702	587
820	936
188	22
163	576
788	94
438	16
357	353
317	400
470	333
109	738
557	22
885	900
312	358
557	359
805	911
231	947
221	48
69	333
154	457
106	310
18	620
13	393
348	746
503	312
735	559
678	35
921	228
946	415
261	199
348	375
198	89
335	906
488	348
846	81
478	374
309	410
437	638
108	277
328	602
86	275
301	499
328	510
380	270
148	498
710	416
727	724
808	906
212	811
218	428
281	930
434	925
572	300
343	581
867	970
383	700
91	851
891	532
138	148
431	493
116	909
518	149
514	512
971	41
898	902
106	893
903	776
548	340
632	343
801	949
383	736
832	322
272	208
602	326
537	551
165	338
832	220
348	380
111	453
308	4
925	721
377	652
887	709
239	364
716	727
244	607
406	386
954	798
307	782
147	471
899	139
445	858
829	586
133	239
450	624
695	647
603	384
995	517
685	572
468	137
122	512
539	953
988	595
192	116
939	994
536	213
78	763
234	984
814	507
603	348
925	252
985	917
630	727
821	356
646	330
361	862
455	894
689	798
806	551
127	496
938	225
734	243
389	219
696	649
528	331
347	566
758	494
646	739
338	658
409	238
701	146
434	112
23	700
916	786
735	595
66	357
462	13
386	85
77	1000
748	8
631	533
313	225
960	33
929	236
389	836
563	486
39	847
165	313
21	606
326	35
986	428
398	36
316	62
43	44
27	789
188	698
428	134
40	755
931	671
596	315
925	135
395	564
931	27
511	24
258	377
590	332
80	186
673	315
697	601
678	891
223	731
701	537
72	698
791	140
953	842
962	536
161	390
665	522
920	352
368	155
142	372
582	627
792	191
851	779
284	185
441	766
334	20
38	557
492	168
111	990
972	437
193	376
645	836
649	518
346	619
452	965
699	483
408	340
174	343
505	655
499	194
375	672
805	901
845	859
364	61
285	331
719	509
462	966
958	613
383	362
390	767
414	811
374	553
329	355
734	948
566	460
680	488
510	197
894	770
747	182
123	139
451	865
118	46
693	199
904	349
960	220
839	952
370	601
379	900
910	276
53	916
319	134
64	495
345	225
975	462
7	339
262	967
686	179
45	722
521	415
823	144
678	952
593	555
477	851
629	175
415	557
704	617
169	719
477	48
435	641
690	927
11	794
413	825
744	858
188	607
992	697
764	768
836	977
75	193
408	138
381	362
271	978
347	541
404	654
971	851
427	770
904	597
445	937
761	860
554	834
64	725
569	399
873	189
331	955
370	132
758	735
841	913
981	665
376	250
429	657
710	374
786	953
48	674
112	841
205	644
637	572
911	655
475	315
676	555
428	156
44	736
942	247
110	439
518	796
243	613
560	932
444	581
468	162
310	113
541	526
523	229
860	390
973	560
849	601
788	479
33	802
359	256
339	949
455	720
516	377
854	929
842	354
119	380
838	353
823	919
122	59
904	435
330	595
983	988
368	221
307	54
815	136
846	224
689	750
281	368
220	227
567	411
95	112
771	143
58	667
758	335
203	157
752	289
773	663
864	976
947	322
63	570
987	274
366	93
293	173
16	402
42	678
873	78
674	465
870	513
916	627
16	740
174	126
286	843
191	248
747	425
975	553
157	235
92	673
348	426
797	695
101	51
633	552
868	716
573	960
190	236
148	745
764	56
944	285
331	326
911	209
729	655
570	560
826	766
431	424
904	720
86	262
673	327
872	769
434	775
555	933
522	83
946	807
185	149
489	808
927	25
991	928
305	156
724	904
773	102
834	379
487	641
911	426
213	293
392	675
117	34
690	765
926	689
34	427
787	608
317	250
540	328
881	985
799	532
226	44
900	263
696	109
142	218
854	344
565	546
782	920
1000	354
567	579
951	826
648	391
671	444
271	248
863	206
346	352
911	889
327	657
481	29
151	994
71	207
340	259
140	968
532	758
575	51
686	652
657	386
833	233
648	221
467	974
812	33
207	705
110	105
440	179
441	436
202	102
104	491
888	304
215	172
287	368
334	815
66	580
208	13
407	405
506	600
222	432
110	852
768	698
681	862
178	532
94	285
300	854
451	924
940	663
254	998
793	487
509	244
601	694
437	685
781	774
12	238
737	783
998	463
24	159
180	570
837	915
44	800
748	647
553	66
694	534
890	25
955	367
393	714
954	124
122	818
60	584
851	65
351	132
850	606
262	950
993	47
902	958
143	27
195	254
561	287
337	966
694	561
382	537
64	276
996	184
397	680
709	841
837	685
87	284
743	292
903	705
684	602
425	217
637	426
941	807
287	302
262	915
924	298
533	827
310	525
506	86
989	964
178	39
640	101
444	562
96	933
429	406
135	958
347	143
960	33
855	350
1000	860
531	256
705	976
619	392
808	777
961	298
324	883
248	381
951	877
682	203
34	405
445	240
728	680
192	485
204	276
355	744
463	524
324	850
481	230
630	540
993	5
476	287
16	127
236	463
655	538
838	986
401	271
771	779
138	123
771	46
351	542
621	768
993	985
535	939
551	80
408	461
156	422
904	422
998	408
493	950
669	415
406	692
126	968
578	349
805	761
550	957
807	689
901	574
597	85
729	546
404	275
584	734
378	476
819	157
955	283
832	957
233	709
823	339
922	308
601	750
267	708
148	330
531	776
579	444
802	946
962	461
712	678
400	229
466	769
949	381
614	19
579	344
992	262
432	943
582	418
673	360
910	983
835	802
207	542
419	984
228	597
182	535
381	525
354	278
776	73
947	433
301	332
17	546
127	183
511	829
766	31
927	509
281	847
320	544
592	39
561	420
600	121
776	37
704	859
363	349
88	478
88	854
930	922
440	791
896	996
581	984
509	797
965	3
680	56
31	105
410	423
706	246
809	138
916	995
597	518
856	782
167	294
209	872
170	25
411	979
881	872
417	269
816	729
536	557
623	260
259	745
945	882
136	506
419	645
319	661
591	881
473	839
658	755
539	345
359	522
165	715
860	569
869	532
743	171
842	764
182	233
210	43
462	250
726	571
949	283
714	780
615	916
777	988
13	599
270	176
117	749
69	172
554	887
943	779
19	190
708	900
74	703
691	201
723	799
141	565
332	998
944	529
859	299
543	587
258	844
23	611
928	680
604	555
722	252
562	443
183	478
775	150
569	897
517	701
766	805
990	526
982	282
584	321
24	793
288	262
125	239
938	502
478	271
766	100
264	491
983	304
677	367
854	264
295	842
515	571
190	449
675	628
921	594
549	175
89	146
694	435
416	635
204	580
449	38
872	995
177	449
292	453
506	517
260	541
985	214
202	23
341	712
681	626
408	882
27	656
787	794
318	253
537	597
289	858
637	761
4	173
520	713
93	895
210	819
839	417
122	386
357	252
617	332
837	652
592	983
31	151
138	140
148	232
51	168
868	627
832	219
974	557
970	878
544	752
816	317
273	322
917	67
481	291
839	581
542	579
342	52
15	41
799	885
523	794
742	806
879	602
72	142
654	403
78	114
162	807
477	872
905	611
379	297
68	754
84	448
585	842
562	698
208	64
523	289
330	379
748	289
741	727
540	469
860	729
67	743
435	114
497	331
809	530
979	734
174	506
103	936
972	309
145	883
953	460
951	191
954	45
55	580
332	839
840	395
804	541
21	234
47	820
222	370
827	923
401	262
20	822
702	49
690	983
464	148
168	314
615	516
424	746
562	340
425	157
233	252
474	449
881	150
633	474
193	864
380	994
265	419
849	51
731	463
729	940
721	433
174	61
526	626
398	896
137	709
24	558
163	812
931	259
618	407
13	368
30	651
153	211
872	483
330	917
899	966
268	856
10	901
298	234
769	286
137	746
912	705
804	558
330	399
513	959
684	690
416	242
72	558
826	628
635	1000
548	158
624	759
30	928
621	566
446	49
584	344
243	393
503	870
819	40
135	167
319	368
534	328
691	425
880	17
530	817
494	628
703	437
190	346
742	49
203	708
192	376
148	707
109	433
403	692
76	926
324	780
870	194
813	931
537	926
868	640
176	872
875	641
496	264
713	333
13	856
235	217
787	920
24	395
168	115
722	518
390	218
487	930
919	211
775	879
729	710
305	646
673	171
566	228
803	787
319	468
239	745
889	680
704	693
78	84
175	349
632	807
172	408
391	934
172	217
202	439
654	140
730	359
607	464
345	312
61	369
938	691
889	992
354	38
53	650
955	410
549	338
810	651
795	100
710	541
114	519
513	887
20	109
540	831
191	266
698	866
738	879
70	894
653	250
225	902
214	940
939	760
696	294
251	415
886	217
570	889
438	193
881	428
576	316
523	9
877	685
316	213
965	856
313	896
679	698
947	123
553	565
433	554
138	535
326	64
410	160
328	754
591	856
663	689
976	38
472	802
468	591
679	851
856	247
689	243
55	584
911	143
595	68
550	821
226	488
28	118
317	999
213	613
986	375
243	687
945	789
124	270
411	8
229	222
334	124
549	162
141	14
684	540
556	415
930	984
218	183
492	347
399	983
592	853
365	922
298	152
474	977
672	316
235	730
848	529
477	228
121	248
541	450
462	223
912	105
415	215
652	568
378	451
741	211
103	118
11	68
801	465
825	151
816	1
921	335
843	185
530	770
874	465
387	478
162	827
138	263
34	517
397	991
442	8
610	248
180	4
370	737
898	870
415	786
543	807
831	141
242	714
17	659
916	849
804	920
427	324
110	741
463	136
802	640
929	672
99	962
628	555
125	733
139	282
827	199
370	491
386	287
201	798
349	723
715	268
242	60
597	735
513	823
553	235
179	769
612	893
909	971
889	996
247	141
30	563
375	918
425	517
292	670
824	507
780	37
160	84
264	813
471	373
20	70
497	470
931	998
327	657
488	698
911	295
63	926
852	529
441	973
277	872
862	966
84	681
813	3
925	761
599	823
646	512
130	323
877	333
457	157
140	438
617	917
498	986
422	157
396	830
12	45
513	312
913	728
227	139
911	735
856	703
200	896
920	828
226	747
938	499
58	728
359	217
668	72
160	313
712	390
866	221
777	82
479	153
848	786
617	124
829	893
240	419
669	454
483	932
759	753
371	572
520	493
626	341
566	806
779	344
906	989
531	979
814	847
756	951
838	135
987	88
388	825
727	722
547	764
970	540
365	562
293	868
416	927
507	783
835	252
503	379
950	679
282	443
983	985
316	349
553	171
380	796
767	182
523	446
687	382
170	521
121	129
260	878
606	786
229	258
62	437
794	573
32	839
924	16
914	378
698	791
3	748
735	61
339	29
169	279
992	485
984	326
585	35
497	719
61	388
616	896
833	892
306	696
808	413
744	172
28	329
623	770
547	365
677	587
566	596
342	130
739	908
572	676
682	866
725	899
140	637
710	155
927	873
558	855
422	299
949	337
29	68
715	637
627	484
653	312
624	108
81	770
110	887
803	773
347	494
41	441
516	415
641	126
974	265
402	749
926	7
903	212
777	390
256	412
125	213
355	640
462	600
504	187
332	505
786	430
834	636
17	486
418	924
124	678
635	383
867	678
652	507
91	504
995	700
523	170
414	988
619	597
371	445
981	545
659	886
723	307
8	863
560	636
264	386
699	719
362	112
669	886
677	933
588	593
559	762
896	269
451	717
634	861
220	7
357	496
334	610
268	311
708	164
323	48
987	476
138	243
542	888
452	137
971	513
862	780
610	404
34	912
884	910
589	138
918	784
506	233
112	354
791	560
952	787
266	690
341	299
145	144
389	386
833	1
209	610
408	418
997	715
762	571
684	827
160	686
921	311
984	244
384	803
853	998
690	218
406	37
615	851
413	318
198	728
174	390
680	452
127	445
723	72
238	26
738	442
757	235
90	570
283	639
831	458
909	795
237	522
2	229
306	693
380	760
432	252
225	828
481	581
713	425
371	784
219	352
443	285
800	206
533	357
1	158
185	35
491	410
498	471
880	870
169	223
954	89
486	378
441	904
166	43
764	777
512	366
12	137
433	522
907	18
423	595
268	997
923	986
708	568
575	44
205	492
479	284
812	525
629	902
744	551
980	9
75	545
358	15
46	905
289	940
316	52
932	625
936	512
599	756
339	632
104	30
45	290
762	48
157	177
296	147
124	651
288	571
459	966
314	294
645	747
983	239
142	303
159	18
275	250
385	980
901	261
923	191
963	28
220	961
496	58
916	546
10	452
41	762
305	963
194	384
170	636
6	833
553	941
810	537
571	797
561	242
577	201
461	942
696	719
220	242
678	408
815	193
471	295
140	441
253	313
67	591
974	880
869	266
543	736
520	270
567	548
55	584
566	134
150	721
500	290
36	785
166	277
849	585
922	687
503	500
956	394
868	11
762	214
797	100
786	723
119	654
35	602
311	916
344	201
290	675
97	257
598	506
980	181
535	989
905	904
5	942
123	747
491	121
218	971
915	161
405	523
740	348
508	243
565	536
372	533
500	489
12	823
431	985
796	538
780	642
782	438
948	683
900	744
601	588
929	465
697	279
804	372
355	565
422	923
902	946
397	510
656	135
329	754
748	146
691	50
989	700
86	85
191	487
397	692
237	129
276	605
588	665
427	688
87	701
837	6
348	966
775	825
707	633
515	589
237	51
566	31
927	597
771	470
977	215
200	557
881	656
755	863
390	576
466	781
998	383
506	918
154	407
345	463
974	712
379	24
437	656
993	715
354	572
57	193
705	680
502	819
939	815
535	554
16	384
94	307
935	805
775	371
409	81
608	378
668	469
247	719
19	727
374	32
211	223
68	292
240	759
422	408
462	647
491	146
699	658
885	29
953	769
946	953
762	618
858	374
868	173
500	205
828	194
241	195
398	642
842	355
10	328
468	599
219	860
281	939
490	660
291	54
495	863
642	389
663	632
45	270
617	979
5	350
698	551
836	47
928	32
109	650
940	631
885	157
336	241
6	33
768	81
989	962
222	627
761	380
413	902
532	550
351	116
799	942
162	953
477	969
381	998
721	997
248	185
44	821
225	723
774	879
619	925
286	206
177	112
77	208
537	760
748	411
859	459
30	616
712	340
407	348
256	599
756	927
90	769
878	154
284	4
228	265
85	822
905	55
845	415
851	625
90	391
626	600
803	381
843	553
951	630
138	986
139	534
188	250
314	423
410	230
246	203
769	668
541	767
327	229
64	438
600	460
893	326
582	302
804	668
575	861
950	895
24	669
465	667
576	889
336	869
831	931
623	374
285	943
93	86
327	890
74	62
411	604
896	465
461	15
389	528
131	339
78	785
579	672
616	691
316	455
696	473
137	190
155	960
938	102
71	151
957	370
256	378
306	973
326	27
108	712
148	606
67	456
412	750
686	16
845	961
149	456
478	565
653	210
357	926
853	476
800	630
325	127
541	839
231	979
589	480
725	181
842	665
946	294
130	524
261	377
348	18
175	960
775	959
558	779
753	508
762	887
397	223
748	239
110	745
815	26
48	12
526	721
118	94
877	810
837	854
716	133
632	866
574	875
77	67
688	870
804	214
996	266
942	840
191	276
288	410
36	707
842	428
961	202
810	525
596	36
791	205
787	770
607	380
531	835
747	204
282	508
951	357
996	125
190	837
826	744
787	833
130	142
378	205
151	640
188	412
664	719
769	917
423	296
320	530
376	352
138	710
89	311
261	866
256	412
652	12
639	829
684	524
501	945
297	60
583	373
687	124
980	63
444	271
38	650
826	286
315	78
43	303
651	971
13	210
133	706
213	751
682	184
263	927
35	200
483	973
445	788
292	249
682	8
163	745
276	371
152	700
843	874
160	221
326	763
722	944
646	563
611	580
117	724
785	821
598	303
309	628
414	98
97	790
455	574
409	878
814	399
815	704
130	209
846	147
637	555
696	569
552	979
387	966
286	238
478	19
154	130
545	262
101	10
994	768
503	820
476	450
415	587
706	77
30	765
138	301
685	856
52	272
767	485
441	793
320	393
353	828
237	604
443	910
855	399
293	817
845	502
950	35
666	700
422	284
340	798
139	668
947	589
412	378
868	470
896	427
75	31
116	179
453	351
67	252
243	259
679	464
842	617
862	644
976	50
961	35
729	977
294	859
263	291
189	393
176	842
679	524
505	602
58	64
585	582
617	154
448	728
744	27
70	596
502	387
840	855
299	187
900	521
641	430
614	636
910	45
852	464
7	470
724	269
761	728
597	308
81	30
578	179
20	245
779	299
544	796
582	559
977	767
707	42
647	464
445	677
805	443
268	941
909	339
967	861
598	574
790	669
743	594
582	239
214	715
342	129
817	627
502	716
302	388
32	520
878	629
902	618
435	390
963	123
563	769
366	382
693	471
576	997
648	620
367	696
202	881
195	372
46	652
453	780
879	790
192	615
257	889
303	102
647	59
830	367
438	395
5	226
825	31
959	744
806	520
953	915
901	795
477	943
295	981
168	169
297	223
301	944
59	641
370	199
387	42
437	209
840	482
108	407
216	729
204	752
692	649
219	553
280	2
261	578
591	666
659	773
220	94
203	739
699	82
152	461
85	9
793	884
170	450
104	285
57	607
977	333
219	339
922	892
854	263
265	105
933	297
256	626
157	177
286	598
706	361
96	338
912	249
821	980
837	236
543	271
347	803
36	851
324	988
444	920
510	599
414	559
598	308
123	173
776	212
876	45
956	618
70	329
13	638
83	725
484	182
613	336
809	185
692	359
657	458
607	608
827	557
287	776
524	609
46	401
290	258
87	956
326	625
591	687
858	987
256	467
698	27
639	836
56	429
147	38
927	392
94	208
689	22
953	16
260	627
447	155
575	392
587	615
194	691
158	199
115	813
232	409
685	327
544	616
587	42
631	970
387	490
974	949
597	437
152	354
818	246
233	438
450	409
718	281
148	51
832	292
654	630
110	739
815	248
75	697
351	153
181	971
540	297
268	226
373	727
541	35
841	224
12	76
93	824
70	804
468	81
76	288
112	725
915	214
183	521
977	871
210	632
858	142
47	392
592	280
926	470
777	471
408	153
986	535
651	461
594	275
250	439
713	525
217	680
855	249
911	688
353	468
172	664
389	438
34	43
119	257
783	562
221	589
288	155
517	218
906	117
230	161
466	939
19	168
885	178
620	144
369	441
559	748
50	156
108	759
320	901
430	994
814	928
469	426
406	928
248	354
703	539
783	882
656	623
863	916
719	152
831	134
834	624
679	657
63	585
481	61
519	426
727	55
28	467
980	952
644	662
471	387
686	924
329	386
873	633
176	965
299	902
628	505
343	729
510	969
1000	835
921	556
114	766
432	131
528	24
783	572
687	584
294	671
370	196
344	613
183	621
866	960
998	24
310	620
648	122
145	414
658	36
918	181
924	854
779	196
316	911
278	734
889	111
429	44
177	726
877	669
637	446
156	598
257	647
878	31
344	495
492	802
5	355
276	688
20	959
801	930
334	254
274	401
923	335
433	274
442	332
578	962
948	968
403	825
447	660
274	798
214	582
521	423
278	830
71	251
115	662
257	951
785	726
310	897
230	201
696	892
868	320
405	976
605	673
589	517
655	636
695	412
983	217
916	162
641	497
717	242
429	263
47	518
734	27
484	794
805	619
598	301
466	670
893	492
154	47
888	101
932	170
928	989
789	638
327	430
147	47
928	961
343	622
768	276
619	184
705	8
987	824
816	625
649	154
164	867
360	285
199	213
682	475
706	405
133	640
256	424
24	765
20	748
843	768
863	388
884	858
961	350
542	204
673	997
116	7
584	527
988	679
263	394
142	602
889	871
547	347
498	483
547	990
551	958
501	192
809	185
663	443
375	976
32	461
836	694
280	22
22	144
589	574
589	863
982	724
566	952
434	669
949	121
422	469
687	905
221	262
909	317
545	986
988	163
856	398
626	340
459	229
339	307
448	925
273	269
311	195
26	452
489	782
819	116
244	858
603	968
531	724
330	970
338	981
288	902
320	989
514	433
397	789
230	355
427	8
272	526
304	431
590	362
569	840
662	815
403	154
511	662
851	496
460	805
750	463
461	989
842	734
536	289
771	545
509	828
641	338
767	959
471	413
318	911
551	165
529	199
808	152
424	95
569	652
792	593
576	941
672	787
851	621
856	246
824	782
282	954
808	223
904	844
269	192
349	781
77	907
928	40
31	25
82	423
746	646
337	882
748	275
61	990
992	158
215	158
121	880
650	145
971	643
561	512
57	989
384	129
288	773
231	116
915	9
81	482
912	74
131	5
95	605
791	297
353	263
122	307
667	849
183	418
789	715
540	193
893	780
767	907
290	388
750	681
786	723
902	586
582	243
741	643
234	644
143	132
97	676
325	183
438	616
349	637
341	836
450	751
583	851
403	566
324	868
114	263
179	57
827	943
677	597
884	758
40	57
283	139
495	219
138	868
751	483
856	904
524	963
770	916
10	203
799	814
975	814
849	513
389	189
126	101
886	358
382	114
152	673
328	265
368	774
357	799
506	782
558	87
254	556
672	707
807	64
885	863
478	704
935	618
475	155
94	977
299	636
169	946
685	135
921	202
702	667
608	107
4	484
417	614
360	267
945	217
380	381
506	549
628	973
641	62
890	231
181	696
793	530
656	218
27	928
459	442
358	653
417	341
121	138
453	233
140	197
920	577
5	551
690	939
399	81
802	26
997	972
185	732
589	868
552	839
335	767
274	740
276	800
411	528
644	571
32	987
206	981
786	430
672	256
640	213
897	322
245	691
857	539
863	317
638	203
910	500
591	721
239	869
379	466
886	166
399	466
952	358
974	91
742	698
978	599
61	112
177	275
275	161
708	474
468	824
201	458
602	258
48	272
627	433
218	411
300	49
837	255
964	661
812	361
595	767
811	634
73	555
729	290
27	398
622	266
719	272
172	621
777	147
825	948
311	487
850	525
455	764
548	543
792	515
236	53
253	794
615	748
654	186
315	379
161	478
492	934
910	897
314	423
104	924
128	250
519	396
48	754
810	692
913	765
65	308
482	681
73	622
81	378
161	440
868	266
33	835
585	979
731	495
97	372
729	281
862	269
366	962
510	152
33	45
24	478
835	460
619	659
146	151
845	648
494	475
641	235
272	347
890	573
379	86
828	520
690	893
938	954
337	686
537	962
520	561
108	174
466	351
641	527
44	50
192	186
272	326
706	52
99	552
28	662
448	655
654	928
949	190
822	649
608	80
339	665
423	318
395	72
575	503
175	688
678	688
211	289
760	585
850	505
158	212
871	229
422	586
14	713
451	572
832	448
532	731
77	401
443	900
916	134
428	924
758	226
365	339
633	806
292	832
128	504
403	665
872	136
641	557
933	264
931	529
235	328
288	731
368	779
354	134
262	706
495	226
167	43
527	63
297	62
609	118
753	683
798	788
371	67
399	932
727	201
649	896
528	453
286	580
799	141
920	583
132	992
295	462
796	873
450	439
790	748
562	415
615	696
537	784
509	273
906	267
377	264
122	806
789	578
307	90
917	770
818	499
483	956
550	877
226	775
761	871
20	381
212	479
231	314
226	610
570	159
886	366
789	274
625	118
774	596
67	880
608	958
579	407
526	937
138	289
838	409
841	932
880	580
659	609
653	253
676	573
741	800
513	664
559	122
763	323
33	69
257	450
762	535
6	688
786	408
352	490
39	480
583	137
200	70
912	786
324	263
823	211
376	111
569	459
727	920
223	727
763	860
134	61
498	800
276	982
957	71
597	989
602	343
283	895
433	997
228	414
947	40
781	982
430	4
973	354
93	646
212	564
932	287
858	208
138	591
188	11
847	391
208	189
565	586
930	768
346	465
680	612
131	210
248	361
45	580
425	368
621	962
694	783
128	33
495	31
788	24
138	667
565	323
663	614
635	860
89	241
137	735
720	881
545	343
91	185
18	378
706	521
747	710
354	299
938	167
2	93
885	263
210	776
346	176
532	36
738	169
554	718
103	994
383	791
943	45
490	50
17	931
588	497
844	320
307	68
942	21
279	608
938	664
329	536
11	618
108	675
37	397
819	922
467	919
938	891
138	503
809	654
653	339
203	220
18	628
957	95
289	767
753	3
411	193
76	445
37	475
713	892
871	141
710	187
751	518
449	253
388	294
744	955
4	69
248	420
120	485
615	733
540	934
25	686
251	686
639	241
304	490
495	535
335	238
100	393
81	693
661	248
478	934
124	889
301	859
29	905
487	855
198	272
226	203
301	525
409	789
20	462
345	437
426	210
342	565
444	494
460	805
129	648
761	392
507	755
783	223
864	999
96	728
320	660
794	99
890	619
138	240
239	777
236	352
240	777
200	846
626	437
249	842
687	649
472	578
257	548
789	477
144	947
293	462
731	284
895	361
203	628
528	725
818	813
366	710
747	920
394	261
299	395
550	775
756	983
558	567
643	936
76	33
567	706
659	668
218	876
365	834
965	516
104	327
35	527
667	532
319	851
438	703
682	307
895	641
796	469
465	835
708	436
407	902
91	846
439	598
130	377
425	745
396	478
382	354
589	618
838	381
994	341
912	263
740	568
42	882
522	687
627	748
415	333
715	277
193	663
88	109
904	126
809	67
937	703
269	60
760	256
353	756
834	912
128	101
56	756
196	121
207	10
819	677
925	803
206	668
726	154
355	876
612	884
170	74
829	43
28	669
262	563
23	401
982	47
726	931
477	361
405	940
643	861
547	892
701	976
72	868
697	106
958	551
435	389
867	982
401	737
412	895
393	958
190	617
706	221
6	519
135	772
993	318
336	876
613	669
763	856
286	712
64	683
956	297
426	206
794	220
921	366
42	580
372	30
771	343
699	734
660	739
283	976
795	604
491	746
902	260
387	365
107	373
981	577
27	966
731	155
696	71
752	620
376	290
595	703
362	384
341	534
717	333
116	337
391	42
712	93
587	741
34	725
780	663
837	616
894	274
948	303
348	884
891	448
387	692
98	99
846	152
588	89
747	81
222	140
386	996
234	680
764	334
53	690
46	288
978	129
736	354
119	832
328	35
290	426
437	571
65	944
613	66
273	337
65	282
552	778
517	579
642	139
4	515
472	270
737	751
568	484
656	115
749	214
330	290
790	413
231	819
453	878
38	936
630	534
216	484
679	205
819	600
310	218
690	74
285	259
466	90
859	863
751	218
957	107
685	930
618	565
506	357
12	24
304	740
585	124
377	413
465	609
939	136
523	472
523	797
32	766
101	637
81	974
673	491
251	626
970	231
88	718
793	15
594	865
446	962
345	432
790	51
12	777
1000	974
844	841
793	754
99	490
871	499
236	573
411	258
476	336
311	972
557	524
847	716
820	373
317	758
584	535
92	913
323	881
358	935
718	553
329	340
196	796
764	905
752	984
735	780
739	496
664	686
525	410
322	712
837	817
936	867
692	51
688	787
67	822
618	910
781	347
111	807
502	663
935	962
475	18
617	404
717	461
403	695
787	924
492	961
824	330
292	146
34	188
137	386
225	763
770	64
610	620
862	505
345	301
682	401
451	13
881	930
889	785
629	382
280	959
492	554
926	272
455	913
855	671
108	409
293	873
555	799
78	24
757	298
95	496
616	798
991	388
7	216
94	158
878	593
428	514
956	193
862	589
297	345
186	23
703	164
588	10
740	499
770	510
693	580
186	907
687	6
987	74
391	428
576	761
858	603
177	721
86	962
740	45
7	101
465	752
629	734
411	171
451	705
770	851
539	169
653	523
876	956
340	947
573	768
564	5
300	393
980	399
919	257
564	954
868	570
782	470
668	115
556	592
289	796
769	449
809	535
52	708
355	837
94	571
590	346
277	254
488	415
145	226
884	170
91	914
901	708
566	205
751	151
725	332
877	849
844	5
988	881
387	544
391	317
973	958
476	534
135	185
483	577
715	357
117	475
30	583
407	101
595	366
601	215
880	829
257	904
779	599
838	200
386	581
574	415
946	902
10	79
489	823
494	224
259	240
757	344
305	299
522	12
641	81
977	992
750	683
579	887
919	578
632	352
782	867
423	661
879	515
297	113
160	138
412	997
319	911
323	359
902	56
939	743
644	516
160	519
118	72
910	407
107	482
899	322
165	645
825	257
954	249
658	98
258	206
436	525
804	325
260	706
473	755
966	922
274	819
146	784
228	815
43	620
489	435
114	100
579	830
455	447
546	917
287	288
293	622
105	939
837	406
706	135
28	519
728	936
77	226
428	903
653	925
72	169
6	65
136	513
645	810
910	835
601	364
525	158
780	534
351	388
471	590
202	353
5	713
213	278
185	469
384	209
444	685
785	731
254	999
531	589
966	846
817	832
645	608
289	976
356	267
163	723
518	216
488	908
767	708
32	191
956	695
970	193
342	706
412	508
52	161
709	822
585	327
221	15
875	361
186	15
546	400
379	413
283	537
807	302
282	346
659	398
716	466
634	759
722	814
62	643
353	556
813	431
575	93
704	510
984	836
509	942
622	862
292	524
679	5
486	279
576	429
209	195
1000	81
288	501
359	955
999	894
213	167
365	494
375	554
522	470
27	940
96	129
93	631
261	16
139	635
974	617
331	504
832	43
620	575
776	985
17	750
723	888
18	918
559	607
717	586
728	490
866	469
950	819
748	488
108	542
971	336
36	758
934	368
981	569
981	512
838	149
845	682
157	830
821	52
936	902
741	895
629	767
583	11
957	912
733	29
530	873
786	278
242	428
157	713
700	290
847	608
815	359
86	523
585	788
578	711
533	247
796	455
670	401
943	146
960	28
854	713
758	814
445	210
589	70
676	637
936	482
710	827
853	635
48	230
228	158
196	34
822	264
7	828
416	914
860	603
466	428
289	826
186	773
620	772
887	477
707	218
183	412
971	819
603	524
426	868
823	221
524	693
510	525
138	328
955	273
714	30
650	869
399	504
476	132
48	95
385	885
463	856
160	738
480	496
26	94
641	719
5	394
680	604
604	644
167	853
60	396
429	169
569	820
631	37
135	532
596	399
292	935
670	266
698	774
675	22
939	783
403	803
581	562
85	178
645	263
914	744
479	207
115	664
971	429
853	4
764	9
890	504
787	537
916	795
112	284
747	402
784	877
574	115
210	552
478	619
619	164
309	196
585	725
566	879
445	900
830	514
833	718
807	606
777	310
470	247
503	560
970	193
958	51
885	539
696	841
224	979
75	14
166	982
310	299
618	602
681	286
501	874
906	424
983	940
388	114
95	227
346	797
598	165
538	165
645	360
356	888
903	85
217	361
680	753
777	772
437	372
675	334
319	599
773	321
669	46
574	35
994	324
798	532
364	534
587	292
867	37
988	410
308	454
752	99
219	391
636	43
333	919
387	940
555	843
495	904
426	505
134	308
224	914
601	107
113	1
262	827
303	851
677	601
280	986
567	908
57	362
802	592
9	774
921	786
976	752
472	547
998	820
774	795
888	167
747	947
516	857
489	742
246	252
782	533
860	760
255	302
124	453
329	80
901	428
161	542
810	739
588	173
859	763
32	252
342	775
801	879
267	538
271	256
733	453
117	27
172	821
533	995
215	861
86	534
622	725
751	178
774	711
662	619
310	57
953	899
918	484
38	316
32	552
246	61
558	466
123	598
803	107
675	673
614	366
693	743
248	997
688	20
895	440
34	161
11	844
182	676
853	644
791	446
672	735
817	553
983	742
287	779
398	767
838	611
613	82
129	295
95	696
582	88
313	923
325	387
677	711
175	405
984	721
777	727
125	840
683	641
50	823
763	642
461	945
936	106
28	855
792	409
644	736
548	321
363	913
800	866
141	794
263	354
971	357
388	886
787	979
971	746
48	325
725	729
177	260
786	418
792	845
545	463
81	477
755	723
474	652
598	791
689	297
885	929
784	650
533	49
214	822
978	121
792	650
360	9
437	316
37	900
823	887
219	291
44	147
220	468
196	752
78	951
718	31
30	820
355	733
344	492
956	861
444	74
830	545
485	398
291	573
108	974
901	112
769	769
596	887
281	466
855	608
963	165
119	832
884	193
590	873
90	162
55	884
462	897
7	455
594	915
256	499
66	459
647	684
744	637
987	22
391	296
342	544
689	294
625	16
300	27
975	899
407	672
403	87
330	715
206	63
675	469
712	529
245	991
224	608
227	762
199	370
139	706
934	805
901	53
288	954
946	814
945	446
874	353
918	49
28	475
296	844
782	134
934	283
439	248
755	321
727	401
205	707
636	921
188	674
597	407
981	371
697	544
156	436
965	688
950	20
788	769
388	872
280	517
499	454
455	833
225	735
850	352
242	518
663	360
632	840
414	326
881	615
296	537
538	943
395	989
18	467
202	71
241	549
593	200
431	473
183	96
49	132
972	72
5	774
234	707
399	521
303	50
229	885
184	987
269	50
474	469
182	281
546	451
251	728
453	458
700	608
857	897
319	964
522	268
668	255
944	693
70	418
774	512
373	306
30	584
496	706
191	147
615	938
664	207
55	388
519	56
151	710
970	896
95	73
799	513
833	93
887	858
735	255
364	675
172	936
756	918
719	371
686	844
1	34
561	33
56	709
131	182
444	329
479	753
910	833
560	491
401	324
674	430
112	123
168	744
351	324
439	800
902	527
674	460
832	213
311	189
226	968
422	968
158	388
880	546
961	966
786	540
390	77
548	854
459	820
692	511
302	118
337	383
349	492
401	758
317	653
493	118
948	958
777	511
406	247
664	183
804	386
821	147
860	928
292	271
49	146
974	326
306	425
539	951
473	482
282	540
682	106
836	352
955	585
191	188
698	638
166	214
49	447
654	350
999	475
387	422
305	615
233	486
926	233
430	513
328	508
740	808
413	272
501	153
989	349
223	988
999	532
415	729
148	722
209	777
797	706
917	719
807	734
558	787
692	290
429	411
238	77
426	254
797	372
778	703
136	453
68	130
760	45
797	222
519	902
947	951
896	537
479	894
184	44
355	112
57	40
355	256
472	473
337	362
4	203
472	541
447	197
34	747
378	53
173	40
784	168
856	45
836	220
979	792
263	252
796	514
441	470
454	868
1	637
756	727
152	927
388	895
223	250
446	866
25	823
323	915
858	491
971	934
399	726
381	616
273	737
791	947
199	520
304	461
164	966
656	270
46	880
685	198
509	311
206	756
654	288
290	341
93	481
942	333
215	473
541	598
221	901
713	778
572	403
128	710
874	204
99	949
371	683
416	893
313	477
799	403
130	596
25	166
371	876
988	738
27	160
483	356
858	346
66	853
216	126
592	397
562	97
845	549
494	691
627	672
904	142
176	567
950	658
465	672
62	999
971	506
815	134
931	8
692	365
318	743
893	805
330	542
944	153
243	657
69	324
265	778
407	735
431	997
222	791
527	173
777	199
296	760
256	151
577	236
984	65
24	845
640	363
987	893
272	14
560	710
282	986
176	655
560	692
957	400
189	117
189	811
176	376
31	297
754	71
786	46
865	626
228	555
877	462
128	182
615	22
681	536
130	265
883	307
241	152
697	709
952	529
688	989
191	972
219	625
217	82
688	642
491	13
519	549
639	65
233	335
938	859
147	353
7	314
413	715
868	465
269	28
791	643
386	12
670	481
10	755
342	570
438	915
885	3
754	156
23	348
417	364
637	415
254	408
933	877
613	148
698	615
223	571
435	942
940	836
802	471
667	265
931	87
565	981
436	166
784	937
707	331
799	499
666	244
127	3
784	128
796	723
466	228
458	611
415	150
823	478
481	129
261	325
134	397
782	838
134	298
720	25
280	385
800	286
589	359
74	62
638	551
390	12
432	923
279	176
93	359
102	496
223	394
435	739
998	857
275	292
417	946
173	743
753	258
710	251
800	579
452	388
385	190
848	539
361	633
116	309
858	581
996	53
649	910
578	439
21	32
905	434
904	202
27	200
131	90
46	53
945	85
953	66
269	705
276	221
320	793
565	559
818	59
311	745
130	18
637	692
753	484
989	84
160	695
639	31
410	692
52	368
771	536
68	163
880	403
86	405
250	982
152	408
464	757
521	322
925	963
233	139
887	53
734	827
830	300
167	753
679	205
235	138
30	878
919	330
832	574
294	779
54	930
146	39
645	352
449	587
523	25
348	546
500	848
817	426
642	466
536	128
731	577
106	795
852	809
581	135
36	853
764	993
123	143
187	506
1	779
1	698
723	710
70	674
335	608
20	285
57	763
697	436
319	783
746	357
207	596
116	895
96	987
316	565
133	354
831	28
734	650
803	835
921	694
316	46
470	393
586	215
392	700
88	834
423	276
672	762
58	44
49	373
897	364
842	265
265	94
881	282
129	16
356	538
449	603
321	907
83	527
817	804
737	129
550	477
206	946
622	56
281	381
24	750
507	108
659	707
26	895
677	928
310	947
777	259
672	211
802	581
859	854
740	184
370	533
578	674
905	86
289	178
480	65
412	438
602	951
417	95
404	58
616	130
120	94
586	476
915	104
156	814
272	551
278	928
629	462
198	897
632	816
435	289
991	118
971	752
15	487
383	360
822	400
83	153
640	801
170	193
470	444
687	669
6	826
286	25
347	436
472	168
564	107
693	369
483	460
404	342
532	68
294	610
917	99
377	334
716	24
80	136
931	41
600	656
217	781
205	24
979	193
683	88
904	67
568	443
986	750
134	194
503	170
63	523
927	895
865	414
913	238
185	195
30	348
939	347
479	748
215	657
409	112
1000	565
494	428
423	933
560	359
92	576
199	342
420	881
698	791
278	356
394	471
623	280
729	256
309	177
874	843
865	536
538	574
877	506
307	122
285	202
474	347
171	164
390	861
338	679
9	207
20	653
884	127
271	714
754	354
402	439
702	190
925	650
25	982
686	252
547	1000
168	622
259	47
166	657
706	689
590	273
449	788
184	196
147	561
781	469
36	581
165	744
361	432
439	546
227	875
161	221
81	994
386	535
334	960
162	8
376	226
135	104
503	937
776	750
352	122
180	935
967	923
896	975
97	27
47	608
887	959
579	300
718	301
770	464
524	846
597	791
629	365
570	311
323	455
273	205
332	558
835	424
333	742
174	532
45	546
397	278
740	940
660	807
786	432
410	999
236	675
295	151
824	525
765	250
562	384
218	953
688	908
27	42
1000	193
613	932
377	488
701	474
926	343
696	313
575	495
276	480
898	883
37	435
871	110
259	652
729	17
97	319
624	761
169	999
339	537
154	338
538	577
755	294
546	771
738	71
970	669
373	535
626	192
82	104
532	68
106	601
562	566
791	202
223	775
55	301
738	34
17	203
260	145
532	720
835	812
774	301
743	80
74	688
729	400
571	274
588	795
597	61
147	562
107	639
506	291
538	719
769	510
957	603
339	820
146	196
317	103
713	359
601	771
291	617
892	997
517	627
537	788
495	141
38	459
127	766
473	989
484	918
664	755
580	101
688	404
976	157
759	445
60	798
905	254
923	22
303	473
472	930
79	423
607	902
348	257
721	765
693	272
94	902
812	449
789	67
133	697
375	239
750	32
970	731
725	717
361	421
548	838
721	309
2	434
614	325
492	158
908	213
393	984
961	56
139	19
655	711
224	295
344	208
72	844
10	451
194	91
570	752
471	337
804	632
672	593
688	302
34	653
73	954
247	145
744	370
897	324
749	61
48	827
917	470
979	284
383	969
35	684
888	309
10	285
814	614
715	496
882	533
715	163
638	703
108	15
926	999
651	784
764	241
407	690
771	924
466	212
365	754
637	164
144	727
915	271
499	812
135	323
574	727
82	171
455	297
276	589
377	499
388	428
47	622
659	246
839	814
738	233
729	9
532	430
158	922
949	626
262	325
842	109
144	687
204	120
522	34
346	231
251	748
743	957
739	525
217	399
184	733
824	574
385	99
377	687
125	380
552	968
225	620
714	128
800	437
368	988
12	561
791	898
91	341
173	667
846	388
110	530
971	844
652	444
658	930
933	187
564	53
814	323
767	929
406	239
678	563
5	737
781	460
571	85
819	300
397	288
520	628
313	794
158	863
715	5
739	470
409	681
308	727
793	142
758	969
10	341
86	31
367	332
561	598
416	692
749	125
523	72
758	824
272	179
580	89
714	982
754	804
825	894
666	588
620	30
259	951
531	790
668	323
475	448
243	508
459	322
390	532
803	133
843	301
333	609
395	398
387	3
384	279
592	604
488	194
843	39
362	656
13	182
757	733
644	81
223	322
528	565
723	765
434	589
692	319
317	384
806	938
276	943
988	604
459	848
139	908
706	955
150	768
724	689
523	649
582	148
810	940
82	448
644	758
869	890
526	440
802	25
360	354
799	456
704	635
314	162
885	195
985	392
189	98
713	321
921	954
696	490
37	443
522	355
324	203
784	502
905	191
152	372
928	427
997	78
970	362
174	789
847	435
493	438
526	792
734	678
104	868
231	965
563	128
734	410
994	706
813	283
194	962
787	87
23	626
653	771
133	690
234	253
354	21
644	640
176	228
593	420
273	893
865	441
507	840
475	944
955	309
912	326
317	917
513	438
161	947
11	842
794	343
648	214
417	455
882	641
406	546
249	312
414	707
260	129
136	934
676	897
801	338
291	962
671	403
204	149
899	530
892	104
47	900
557	556
215	796
476	221
5	966
424	519
204	817
571	865
358	207
390	201
17	740
724	540
596	185
568	808
871	156
787	360
576	342
5	530
234	376
517	457
576	587
260	451
440	3
27	678
922	174
917	299
887	375
214	671
359	554
323	786
497	828
181	13
531	847
611	468
116	961
504	954
668	394
58	924
233	10
145	211
994	96
50	604
718	177
489	13
202	265
331	581
201	618
201	17
445	174
864	847
764	866
822	488
95	985
239	695
724	377
333	433
395	7
182	168
645	682
647	256
360	326
415	580
959	848
622	182
254	113
356	738
228	953
910	253
745	753
802	711
903	828
220	626
612	987
778	806
589	412
938	739
255	358
291	194
471	940
808	321
426	883
257	537
574	770
500	261
831	213
673	248
901	174
51	947
411	289
674	379
163	177
901	875
364	564
172	3
933	352
756	477
100	297
948	975
407	529
980	722
604	498
782	150
36	547
564	440
977	4
609	433
921	439
300	44
355	109
766	571
630	746
805	998
320	695
961	698
372	194
491	778
461	364
694	325
663	815
405	972
517	569
412	405
388	97
995	400
695	581
461	558
252	750
495	193
907	521
563	125
349	547
494	135
535	253
419	262
225	215
208	453
633	504
803	335
934	824
306	29
798	95
386	238
866	399
633	535
366	88
787	808
77	32
617	531
338	804
225	321
249	304
646	547
867	607
303	954
248	320
822	427
911	869
983	659
833	497
712	546
156	525
743	103
275	991
430	80
315	263
572	740
432	927
166	736
358	815
723	170
99	634
797	261
697	745
314	545
554	578
10	38
652	877
108	445
340	218
705	315
182	202
354	635
634	240
988	31
515	732
49	283
738	892
219	606
415	383
450	797
911	296
541	622
241	547
669	110
714	367
220	639
528	840
45	802
916	527
69	693
808	97
358	97
504	945
653	658
598	43
793	348
637	62
28	870
351	660
143	590
242	753
885	457
45	206
1	941
520	233
844	549
345	387
734	119
91	253
646	838
457	552
213	8
689	192
316	771
467	339
654	168
616	476
127	716
456	135
804	463
850	617
158	258
892	660
876	705
333	822
913	951
597	263
899	97
634	639
466	848
603	93
723	521
663	974
426	58
179	910
596	682
954	447
34	46
230	435
937	796
85	743
823	957
992	582
368	212
125	910
662	422
780	732
783	149
374	311
128	189
953	723
424	273
592	133
887	979
375	766
789	391
637	254
423	218
970	230
291	628
296	793
373	895
133	504
499	931
870	97
731	688
400	395
572	47
856	497
249	310
291	168
98	382
47	63
477	802
552	602
74	965
574	611
36	264
68	126
875	864
660	414
182	368
469	529
813	216
846	381
37	154
605	734
789	980
424	174
157	663
365	695
583	43
325	344
389	877
218	81
626	262
354	684
405	697
700	210
519	608
503	407
614	267
417	68
394	183
669	271
196	319
582	409
423	914
520	692
534	353
398	534
13	610
989	286
284	493
240	746
846	427
981	203
760	238
4	102
44	802
702	688
471	28
896	66
684	499
90	428
969	98
210	21
644	508
983	101
627	666
407	444
59	155
811	196
570	580
343	85
404	909
830	861
450	560
771	65
298	270
922	181
647	368
116	204
432	119
1	853
503	64
648	594
584	640
914	126
193	479
749	922
752	796
556	276
695	877
788	916
357	393
841	228
327	349
583	292
212	87
492	599
950	882
570	262
683	318
835	263
803	987
149	914
389	298
725	775
146	304
47	487
195	480
459	885
613	220
588	121
450	1000
411	329
204	571
72	868
299	282
408	885
822	467
346	160
310	323
979	396
501	668
33	629
534	807
933	172
246	282
569	294
807	638
145	742
478	95
191	768
810	177
70	307
133	875
696	113
896	627
115	414
694	726
142	579
434	426
169	662
901	738
466	80
463	60
300	130
423	867
986	517
166	565
290	381
253	216
12	504
39	685
993	929
40	761
553	716
285	140
555	758
135	151
901	473
493	942
198	35
674	596
174	132
740	270
683	916
787	837
564	442
748	438
608	771
363	103
156	907
213	135
707	276
867	75
663	696
10	745
406	620
472	778
241	827
497	377
878	443
343	59
517	809
384	130
103	940
609	770
546	120
433	966
873	418
504	776
848	419
574	44
46	555
584	831
195	355
132	545
689	406
878	516
654	21
868	56
151	782
876	285
897	432
205	900
593	54
42	299
156	453
291	579
520	708
102	991
273	991
475	34
895	48
373	229
77	611
76	349
157	3
463	213
222	142
454	781
759	410
966	183
462	523
278	633
441	171
334	252
126	244
384	584
966	141
566	314
811	806
643	91
787	577
862	702
693	663
920	645
728	420
775	184
866	441
827	316
318	700
253	508
351	102
152	855
729	217
663	734
927	499
966	167
590	827
573	938
433	911
231	296
358	656
673	283
101	331
525	479
407	829
448	273
905	879
949	736
307	641
378	95
139	890
485	681
384	730
948	655
368	441
84	72
404	993
507	625
320	730
669	362
583	42
283	589
204	326
371	219
243	58
296	189
365	801
561	636
754	386
832	53
33	671
185	269
643	755
26	412
342	671
761	489
837	561
312	674
909	569
142	46
250	529
840	314
808	769
701	4
885	564
455	503
91	779
52	443
116	300
948	584
294	303
670	151
110	332
587	293
912	772
36	325
932	530
590	761
309	510
851	69
732	766
541	888
729	353
500	767
905	122
103	960
451	125
951	888
892	425
782	345
890	66
23	460
950	169
423	223
330	843
608	531
434	891
303	532
432	845
827	358
503	200
590	528
689	566
297	664
988	427
503	643
239	952
867	559
466	739
606	927
587	125
192	649
157	655
552	248
867	482
767	770
539	922
542	661
205	317
776	554
722	30
305	806
650	297
766	817
908	899
112	396
910	286
758	179
63	248
83	593
103	1
229	443
732	193
108	474
173	439
421	355
553	216
300	148
485	552
478	236
460	457
700	104
96	957
83	694
727	497
121	599
490	424
626	542
279	328
672	48
902	534
985	759
184	569
90	703
139	869
442	659
154	703
769	573
321	720
359	697
455	856
97	796
420	832
621	462
434	371
31	137
175	538
589	829
432	467
669	234
42	821
486	401
978	963
483	288
669	738
132	424
993	353
79	180
346	380
876	103
568	485
710	194
734	96
277	834
654	592
392	706
327	755
447	994
672	439
247	860
319	960
119	286
458	168
511	841
887	441
833	125
255	290
391	103
52	883
12	272
220	822
967	707
686	116
673	682
601	433
584	453
963	462
260	801
967	777
310	697
472	147
881	444
586	94
792	763
808	464
919	724
839	16
862	383
978	76
968	165
87	757
586	328
198	912
6	156
760	970
425	166
266	692
214	973
172	854
787	92
68	759
326	854
433	7
269	292
977	438
757	989
349	790
92	670
297	375
286	463
984	871
116	618
989	587
444	168
564	935
945	10
614	46
690	801
155	919
513	42
770	396
786	250
372	384
507	345
935	68
770	830
470	846
577	471
382	222
927	699
659	830
353	279
33	894
542	921
630	177
608	124
612	296
773	568
397	985
741	533
791	340
303	4
495	241
28	930
777	57
877	522
405	175
567	950
30	899
252	138
53	851
526	853
738	838
701	252
402	711
32	453
556	738
592	101
805	454
711	374
395	855
864	113
967	166
600	812
91	40
57	72
75	688
480	321
25	570
844	187
584	445
695	533
34	19
50	701
213	440
664	912
688	325
652	44
115	168
663	116
356	170
569	590
14	532
681	277
748	447
720	327
140	111
831	106
750	482
161	423
451	483
218	851
747	526
247	494
613	40
89	289
271	99
23	416
928	461
844	590
680	518
70	616
781	822
429	111
782	436
94	272
146	13
237	193
462	197
95	689
861	286
533	133
529	218
156	643
400	374
122	420
739	21
755	59
32	861
1	37
639	259
234	740
913	198
923	636
732	266
451	352
435	988
386	370
442	373
144	350
864	157
258	409
293	957
110	379
827	984
536	758
48	55
958	954
361	152
814	831
539	858
767	254
363	520
924	925
534	23
973	269
818	998
704	369
67	769
277	820
889	570
695	511
391	581
126	319
151	829
673	551
432	368
88	207
937	468
528	537
824	749
608	939
475	165
688	782
296	638
634	666
544	87
568	540
645	608
29	101
301	67
424	360
31	569
426	719
474	446
393	370
60	835
693	934
264	206
15	886
241	192
610	385
443	971
569	144
337	429
520	929
440	205
799	476
523	889
353	34
816	210
851	373
295	493
487	833
113	759
402	411
275	505
831	210
37	715
548	89
645	628
815	379
482	636
590	929
586	787
782	906
294	235
29	715
626	20
903	916
737	700
949	647
422	848
517	765
885	460
946	831
863	643
819	966
908	804
842	31
507	473
35	231
453	13
988	926
528	465
131	523
751	131
194	268
503	875
360	352
68	131
514	892
906	371
31	838
23	142
113	393
133	813
142	341
678	670
534	130
936	377
584	857
880	798
821	919
642	342
718	367
878	468
192	139
751	288
653	855
726	288
863	818
395	675
902	737
899	300
313	298
661	351
585	314
718	483
992	51
252	292
353	766
984	163
777	401
852	237
858	613
364	485
305	758
266	647
213	16
17	690
152	538
27	120
803	738
86	453
473	829
785	346
85	177
412	245
720	657
477	215
298	179
223	409
810	658
277	412
673	884
389	300
120	199
943	647
546	292
828	936
131	896
844	107
728	171
966	829
66	534
280	912
288	653
145	322
253	587
609	387
911	789
182	99
750	748
391	785
119	189
91	810
174	238
439	842
360	142
614	467
366	162
962	479
229	240
721	899
771	889
988	266
884	224
433	394
682	26
24	336
835	721
642	827
404	569
325	663
460	45
68	273
651	167
915	26
929	3
273	458
771	374
518	434
599	296
220	949
689	379
569	572
327	79
642	837
607	428
684	247
400	107
748	77
365	914
399	308
814	466
291	291
681	910
788	158
678	889
210	7
32	476
48	418
327	804
648	418
954	44
537	333
729	420
850	497
457	566
681	186
97	592
492	810
865	371
57	835
83	559
185	884
393	977
238	333
46	930
734	960
529	365
24	22
179	756
699	107
554	639
509	208
126	419
913	283
72	75
362	237
339	974
652	848
698	173
218	394
473	486
689	394
88	921
716	54
90	903
193	311
764	418
392	722
968	510
818	900
379	304
636	318
96	447
902	928
957	86
574	497
656	552
531	913
911	566
195	784
455	471
239	32
966	760
603	17
168	17
490	881
782	676
855	461
590	714
558	337
595	300
112	240
948	483
309	337
523	20
892	198
636	212
182	994
469	859
121	862
140	216
32	768
459	65
976	176
145	5
477	432
27	857
131	496
520	755
416	755
266	14
6	330
863	466
959	355
679	79
433	766
865	358
265	707
262	908
507	627
911	212
351	113
169	328
824	677
54	924
47	725
200	135
52	160
751	222
44	537
594	791
414	964
226	527
983	512
921	728
109	81
842	419
1	808
954	342
613	434
659	154
653	634
482	195
859	372
230	845
450	583
257	191
20	573
556	775
959	114
634	98
882	719
518	662
61	674
425	846
246	260
27	120
80	286
939	687
158	377
274	89
990	489
409	644
488	460
283	161
557	37
396	941
941	688
209	200
319	970
43	427
641	725
905	890
10	535
14	584
538	256
752	962
231	728
71	385
1000	782
792	106
36	255
111	283
768	839
977	243
367	296
199	543
747	92
302	189
42	776
420	710
237	863
13	389
186	927
11	15
761	61
436	702
723	808
885	150
918	60
469	738
349	910
268	964
36	679
714	656
330	759
932	987
743	911
440	213
965	914
194	1000
90	441
48	204
923	522
752	377
181	284
681	960
133	986
806	903
264	593
655	311
764	936
658	99
509	547
79	958
883	444
17	441
57	903
528	289
793	7
235	537
642	946
370	633
763	526
738	243
186	975
938	245
509	807
42	960
818	32
884	100
474	33
570	414
479	410
63	759
167	205
986	370
369	475
932	793
572	120
363	556
606	229
559	552
210	712
777	264
483	930
716	915
509	725
827	554
747	359
74	43
290	935
377	366
261	219
475	772
922	764
29	463
489	303
449	539
171	41
356	549
645	131
361	684
767	141
718	731
151	14
497	725
932	542
232	203
804	781
128	388
832	829
903	805
580	662
785	470
243	710
615	57
288	722
663	663
879	214
596	121
361	485
77	648
62	870
852	9
629	275
237	841
911	623
302	792
714	259
149	909
665	53
76	862
97	829
930	658
534	733
188	470
356	973
9	672
161	720
771	635
527	199
232	591
240	40
472	676
578	803
498	211
650	264
703	897
20	912
752	409
176	758
794	869
545	66
455	641
368	162
185	100
709	645
952	707
541	126
875	636
519	929
867	740
896	541
202	757
614	518
683	72
18	805
131	931
374	631
108	47
294	431
307	632
452	449
247	674
883	828
714	196
365	26
309	164
184	127
443	15
331	92
951	795
710	751
482	35
367	953
756	709
937	163
68	68
687	342
227	646
591	30
698	89
33	625
668	30
286	490
309	986
38	269
690	877
24	111
668	672
650	538
170	127
875	748
423	229
115	125
241	135
280	5
744	22
961	779
465	23
981	52
696	328
745	484
594	696
120	125
32	572
180	353
375	138
363	653
421	531
486	460
142	906
587	812
692	4
146	138
37	331
452	437
366	83
511	457
478	79
630	195
533	761
509	332
147	661
739	60
445	952
968	36
929	130
358	527
347	621
611	958
417	977
204	207
545	974
326	321
962	813
518	543
599	892
129	878
496	156
237	581
283	288
582	936
832	675
204	529
354	758
714	388
729	774
290	596
516	382
747	559
363	846
28	555
667	920
43	412
427	898
526	804
219	901
579	229
333	641
763	830
395	851
72	135
432	588
600	450
91	23
362	928
685	182
445	133
524	825
55	602
992	37
859	789
834	453
252	975
445	504
366	602
956	583
628	324
27	248
539	124
666	811
806	32
860	641
651	217
942	508
586	884
930	216
876	182
333	442
654	944
626	921
984	354
127	728
80	883
338	898
981	819
905	192
765	130
153	305
777	626
840	850
557	307
50	571
996	539
96	86
721	983
736	612
200	91
245	942
610	82
206	813
463	403
533	998
14	1000
838	822
992	252
783	373
307	656
158	602
946	338
341	659
570	482
715	311
943	34
701	435
581	98
498	589
554	685
924	256
48	716
601	716
521	725
617	273
75	192
779	64
35	821
144	886
885	197
593	254
649	403
771	58
266	455
856	710
41	247
522	65
718	130
153	192
38	715
156	129
624	542
508	953
809	570
483	434
471	307
172	725
35	802
308	520
135	828
909	588
583	228
484	69
693	174
264	503
316	73
819	201
358	479
62	201
57	140
252	284
428	465
384	280
7	180
187	224
136	998
485	650
146	40
845	449
568	307
828	203
840	219
635	534
226	790
405	899
663	591
574	31
783	498
523	554
377	900
645	565
11	351
435	364
740	961
832	226
44	994
82	308
681	634
65	11
570	128
490	940
926	849
633	373
722	129
859	797
521	306
513	601
613	614
448	87
36	530
70	352
383	705
271	71
340	345
21	641
883	863
286	312
181	66
199	16
104	854
487	772
263	480
150	558
630	633
932	314
148	361
958	917
193	513
418	47
751	492
500	890
484	475
138	102
485	892
338	923
823	710
595	314
903	452
40	881
994	163
337	353
62	226
260	477
303	325
233	744
525	966
339	723
371	873
578	259
787	833
797	875
500	524
4	59
941	584
948	949
548	201
916	903
543	801
396	490
340	426
134	182
404	979
220	288
665	212
449	417
33	343
548	28
355	29
438	219
670	146
333	742
152	975
777	522
508	218
891	994
373	20
174	445
575	479
85	964
157	289
980	805
140	313
955	904
999	197
597	510
28	318
855	553
331	465
763	893
229	971
310	687
15	757
243	158
849	215
888	725
9	752
827	71
30	448
226	829
374	127
826	222
722	71
777	895
886	952
667	24
397	720
929	115
506	244
809	561
521	968
894	763
507	679
335	330
216	936
862	635
751	77
87	803
721	881
264	306
900	53
167	295
227	623
958	456
43	135
500	964
352	335
862	48
806	575
339	506
947	298
429	877
569	233
322	489
450	410
410	222
220	229
60	917
420	730
937	875
750	482
434	99
122	48
748	247
339	844
257	779
362	684
507	382
375	967
354	677
535	304
437	974
729	155
501	166
722	599
412	111
976	744
13	730
404	799
837	461
896	25
358	129
224	377
309	506
286	251
633	332
749	966
276	206
703	932
815	238
930	801
413	201
877	486
817	413
656	257
244	413
257	43
214	239
3	917
974	478
97	272
781	408
441	408
924	627
771	603
790	768
392	44
487	76
880	79
4	231
82	41
622	810
20	164
700	601
957	822
593	223
621	511
923	833
730	911
386	648
179	125
163	857
519	646
570	418
699	774
476	250
274	135
346	630
46	875
521	36
357	407
719	821
632	302
400	236
741	878
702	630
268	940
887	293
262	695
680	949
697	603
848	465
544	765
415	355
103	286
717	967
557	662
119	530
418	638
907	964
496	105
5	511
5	992
507	227
766	577
483	520
968	747
876	167
288	9
481	870
859	448
530	198
535	519
885	18
24	714
634	813
198	403
676	688
28	710
779	744
284	422
78	720
605	137
645	272
854	613
229	626
405	638
757	556
912	446
925	79
101	623
935	75
693	776
397	725
906	937
466	246
466	588
653	33
700	482
191	256
543	807
494	11
249	348
210	655
805	295
596	183
142	65
903	34
432	356
214	993
38	254
581	10
389	502
244	349
544	362
982	27
757	771
120	598
428	694
244	570
582	112
287	580
24	570
508	395
714	428
297	722
586	621
668	244
79	725
547	466
983	124
499	139
667	868
714	940
863	597
284	125
150	549
762	144
939	505
882	510
194	493
895	232
756	924
464	495
617	821
543	624
136	802
688	784
450	510
745	239
493	802
176	988
508	908
223	253
164	788
285	617
761	988
375	13
31	52
828	423
692	263
582	498
442	750
691	614
731	95
555	819
717	266
693	770
805	287
378	864
615	767
275	944
595	341
373	436
60	233
658	496
683	121
844	347
32	452
203	162
32	541
718	467
834	768
142	379
987	980
693	140
833	533
502	383
421	444
14	50
305	222
159	670
513	174
486	943
527	976
650	513
182	211
381	859
696	385
568	275
155	814
222	470
974	859
250	898
305	686
301	602
26	88
591	180
860	794
103	859
978	237
734	965
690	597
213	72
316	768
175	637
121	497
400	121
977	660
485	908
435	182
599	703
29	977
965	838
822	35
2	220
550	380
764	6
779	540
707	285
788	122
188	774
464	91
507	463
28	771
741	351
27	964
179	659
479	136
594	633
678	932
720	642
881	899
529	753
494	411
31	619
5	665
488	274
991	324
161	530
290	1000
857	158
825	50
32	152
224	939
502	620
966	963
632	495
643	115
748	881
889	70
158	132
526	509
876	352
47	262
276	469
113	136
157	20
673	566
922	859
372	733
371	43
8	164
862	207
97	103
35	530
519	840
13	5
37	195
980	229
781	11
359	213
710	750
286	485
767	994
158	655
262	427
246	209
929	443
102	20
862	172
384	616
334	573
222	162
499	14
835	427
899	833
110	38
693	935
944	293
416	820
303	928
698	369
643	140
454	724
653	372
263	110
632	975
289	233
991	374
567	219
534	567
990	43
181	794
737	175
719	896
486	872
33	643
525	275
725	247
287	253
264	825
385	383
773	632
579	641
58	719
515	490
509	417
480	354
868	103
592	473
524	56
260	665
299	985
840	594
549	578
903	378
595	173
372	766
955	107
515	370
544	53
5	521
593	660
370	354
872	613
873	527
289	413
531	139
578	172
86	199
185	329
141	193
840	50
637	89
718	270
170	289
888	978
256	177
317	340
85	876
87	119
963	267
412	739
12	780
348	768
862	655
974	271
190	844
819	853
480	52
116	141
420	986
350	625
781	622
59	565
356	206
829	664
689	937
404	647
529	130
999	960
587	733
783	592
900	9
974	817
338	970
991	36
438	441
191	639
66	771
608	211
802	971
311	380
120	53
667	342
615	456
838	864
689	838
969	312
28	827
383	387
71	232
683	31
602	763
6	791
147	781
320	769
69	319
232	888
507	202
335	170
291	138
502	517
509	933
912	506
498	598
665	166
74	889
966	585
140	323
576	596
390	790
582	75
687	248
763	217
479	249
253	179
828	817
28	922
397	471
861	691
409	888
444	508
5	416
358	804
780	145
12	688
264	749
667	582
999	809
369	463
130	144
10	918
247	296
712	608
390	742
89	903
720	953
642	463
883	397
866	851
106	335
297	597
697	592
287	273
375	264
793	108
868	240
237	798
282	35
663	753
47	26
597	125
328	299
421	66
610	173
790	873
58	475
715	496
237	18
212	888
481	809
839	396
818	492
436	599
840	925
998	970
694	680
181	714
278	248
640	58
815	363
279	50
32	23
439	332
767	864
87	862
946	440
279	609
623	369
185	157
623	722
399	951
740	739
852	256
332	726
215	691
686	388
345	330
641	833
112	197
795	742
76	273
103	801
358	561
32	803
361	564
498	758
120	403
448	184
487	124
591	232
470	239
282	340
104	765
863	325
946	688
622	856
206	924
640	394
241	718
394	196
38	869
796	854
467	716
92	7
350	590
529	631
189	740
201	470
197	973
205	110
236	30
169	239
166	31
656	559
428	202
805	379
28	56
836	247
193	874
254	118
74	177
771	887
553	602
258	604
890	394
260	768
59	753
679	596
194	22
422	478
105	495
758	742
503	923
579	590
49	591
481	654
806	257
478	841
240	388
484	784
781	864
293	465
141	365
359	692
255	124
575	753
260	490
345	337
957	986
893	631
975	166
854	11
460	634
677	643
166	629
698	422
605	780
26	719
280	805
692	346
424	157
813	38
903	846
195	759
832	689
455	438
368	580
827	968
409	104
443	120
136	169
713	778
684	171
696	349
943	869
34	939
722	349
901	840
192	656
520	605
116	516
251	192
63	332
268	826
49	710
926	196
361	269
388	167
288	727
540	327
791	610
54	746
297	375
227	51
578	211
171	470
447	262
493	112
553	841
399	603
847	312
552	461
172	862
56	118
94	352
229	446
349	559
358	468
534	256
354	685
381	553
982	61
975	905
181	974
845	717
697	10
740	531
672	686
18	284
379	741
139	83
648	829
41	597
127	467
690	884
801	582
475	396
476	794
875	544
739	620
914	394
818	245
72	926
784	565
306	73
93	717
726	715
27	648
816	374
920	543
966	250
609	984
214	663
755	210
71	726
443	32
156	485
102	303
53	85
954	454
464	585
539	881
837	668
513	362
335	287
351	517
30	199
775	837
921	551
920	328
920	263
945	52
720	9
624	653
576	515
963	437
456	198
384	566
634	698
912	519
224	388
333	816
869	85
413	971
672	696
31	841
98	367
514	846
273	114
892	115
509	758
400	230
415	750
153	848
90	505
355	635
249	784
977	149
88	329
840	421
759	332
827	505
489	634
592	778
211	733
719	437
687	601
345	183
218	963
755	9
655	106
661	67
876	361
21	876
839	763
578	260
510	377
162	467
870	890
150	907
173	75
146	884
431	132
57	388
261	231
238	640
101	5
157	124
194	695
503	715
203	342
524	420
882	591
995	329
139	375
989	397
540	686
272	993
203	715
703	763
722	292
231	395
288	576
988	891
562	556
706	779
647	174
223	806
745	9
5	301
150	637
574	150
286	314
504	729
888	977
312	310
701	479
858	622
150	831
366	276
952	355
575	400
861	351
350	80
503	594
355	259
806	265
523	956
561	298
797	959
417	370
78	67
184	523
52	196
321	342
472	435
545	169
588	165
858	645
732	917
313	606
954	855
53	1000
129	594
400	522
27	392
475	386
126	501
1	573
617	626
549	649
900	269
768	521
37	871
778	299
783	73
490	298
917	132
241	284
141	516
728	55
247	911
34	244
956	152
843	256
268	51
928	939
846	253
530	734
760	416
112	549
769	322
933	859
985	987
935	525
278	723
670	548
967	465
559	173
947	482
318	598
311	706
240	358
934	803
678	746
130	271
813	480
993	563
19	105
628	338
268	600
401	362
722	586
864	544
939	865
530	211
956	977
69	191
884	237
20	905
179	191
291	546
857	579
193	866
467	38
966	194
215	632
420	613
321	995
441	60
687	375
538	669
359	612
252	599
704	227
828	589
597	474
967	588
894	930
779	747
441	126
612	270
238	385
834	799
320	252
8	2
231	684
272	426
202	396
673	941
561	476
858	81
649	38
129	90
65	168
980	82
633	139
145	763
435	591
553	316
401	825
926	541
886	914
846	216
777	701
24	294
851	404
387	507
82	383
341	488
942	891
49	659
472	939
922	893
467	94
212	512
378	165
858	114
41	886
441	610
48	777
20	318
226	503
321	879
124	778
816	666
168	278
698	324
195	856
764	822
920	343
526	928
637	358
950	745
680	288
979	537
831	366
771	816
895	807
95	704
110	120
123	529
48	585
810	217
94	260
23	901
174	954
830	1
843	164
752	960
332	507
925	305
563	580
380	406
740	356
70	26
373	619
865	390
212	408
336	48
987	89
352	48
73	229
397	192
723	169
579	256
136	91
616	419
898	630
526	818
871	762
855	835
79	911
1	118
169	830
697	219
494	468
723	907
991	28
839	569
929	544
296	789
262	420
671	517
488	911
12	744
655	750
20	545
842	143
902	924
58	583
991	96
465	200
557	985
162	995
489	80
722	758
349	362
659	186
373	66
138	43
547	580
70	829
562	839
505	527
20	845
228	775
999	514
162	842
714	999
334	134
197	698
825	710
158	916
507	888
992	950
267	679
798	97
842	489
742	705
17	500
792	76
419	113
333	605
756	301
365	632
409	616
551	394
507	979
769	229
377	786
634	535
342	856
562	504
776	698
327	352
991	185
576	814
232	90
892	927
903	643
288	703
857	459
687	984
511	775
563	532
534	429
314	440
668	574
877	935
397	765
802	895
51	223
249	269
540	846
259	840
437	910
662	588
893	578
301	542
796	988
764	199
290	232
602	167
980	651
191	319
704	549
813	226
474	616
962	577
56	148
819	354
152	209
397	636
985	80
213	498
38	463
832	873
735	775
252	392
66	315
333	659
639	454
507	236
657	217
17	487
432	169
769	663
483	889
778	554
202	689
123	110
930	715
986	879
906	821
997	79
810	728
554	960
884	132
842	465
226	262
167	618
255	743
279	109
234	354
369	747
604	793
612	520
243	300
438	509
375	376
698	736
177	128
43	938
196	35
421	389
507	194
387	79
642	443
690	799
337	222
565	483
611	372
698	332
389	823
913	247
649	307
51	465
820	101
773	635
185	580
391	141
46	355
527	614
521	461
28	814
152	3
380	813
568	724
688	501
47	165
100	526
665	686
563	398
927	289
456	162
247	903
151	526
492	985
1	557
461	24
678	838
892	217
117	131
341	985
799	655
854	552
458	787
573	101
617	685
604	886
825	701
858	882
806	493
236	134
804	381
625	8
9	384
51	251
399	335
240	887
136	520
224	508
146	155
802	683
82	776
935	457
588	192
832	873
664	214
554	733
369	178
663	489
992	602
825	876
669	229
856	235
165	134
123	636
7	537
699	796
904	125
394	229
414	422
651	648
506	77
899	699
110	559
460	727
662	863
315	480
140	657
87	658
995	732
962	532
365	298
981	812
872	527
971	759
163	372
767	267
846	775
882	899
927	961
236	829
849	827
396	708
327	62
795	46
991	246
306	945
337	889
804	982
62	58
669	346
462	861
890	645
904	535
484	872
130	42
994	23
499	748
103	853
491	373
265	871
728	629
312	822
185	811
905	7
837	724
840	688
265	348
122	912
440	813
344	804
996	793
607	378
635	965
317	395
126	180
526	930
555	428
732	212
986	994
141	475
340	469
918	843
255	985
902	271
934	827
61	785
885	852
75	885
11	468
493	616
416	796
545	466
558	191
979	885
483	446
777	273
100	39
297	158
894	673
266	933
598	55
831	452
697	158
928	972
725	37
43	504
54	48
40	523
828	321
642	534
674	972
281	654
914	252
764	382
883	519
195	902
36	139
211	392
843	316
395	826
14	76
987	317
315	157
685	673
483	262
403	699
760	343
272	572
712	354
339	359
362	848
357	830
485	533
52	569
535	882
808	509
995	165
234	317
164	631
925	624
278	266
636	575
268	44
595	648
291	340
274	315
110	648
348	241
427	433
302	868
10	828
130	984
756	606
797	994
134	448
450	817
608	354
807	352
456	483
362	634
77	443
825	640
989	810
593	641
633	946
984	210
429	171
930	139
316	227
760	318
889	423
320	852
472	403
493	806
898	154
590	189
79	371
221	206
502	208
942	966
528	284
335	133
51	536
582	794
898	970
869	683
946	2
643	535
215	794
397	99
29	858
114	925
754	997
556	872
920	204
961	12
417	205
17	457
643	544
83	184
467	333
376	446
453	477
673	718
137	859
531	274
90	567
64	206
665	39
810	841
678	714
57	720
662	371
404	481
112	150
340	9
817	154
675	906
919	211
140	653
523	74
76	288
871	756
909	620
951	660
140	917
381	382
104	487
428	977
67	185
358	751
734	849
97	540
132	28
260	393
200	752
495	204
587	88
48	654
965	418
706	704
525	89
208	27
396	603
592	435
595	38
530	54
541	851
791	159
934	391
559	442
371	322
609	324
461	117
139	855
259	260
364	961
512	850
420	242
106	44
777	258
985	459
794	808
930	924
782	521
777	733
242	993
739	13
193	642
177	833
781	54
680	975
308	842
318	216
23	777
655	447
956	313
61	201
371	71
742	456
69	98
751	776
848	734
911	964
215	112
678	582
358	505
860	538
420	769
654	229
641	921
34	383
951	156
132	506
356	963
146	398
381	724
90	755
39	62
899	786
983	964
272	441
210	443
769	817
198	682
20	693
127	437
441	240
149	758
979	499
331	809
482	139
411	841
45	227
988	132
836	115
949	168
140	421
348	753
884	479
31	73
164	258
76	354
134	214
772	59
228	136
353	420
289	753
145	599
796	364
355	301
110	867
358	194
861	486
984	255
241	994
644	242
291	858
933	676
654	565
135	143
413	604
797	9
548	205
540	529
563	760
303	813
733	110
156	886
215	913
107	57
611	661
109	395
774	239
143	261
67	54
473	567
216	349
385	1000
851	807
126	720
146	277
598	159
266	558
578	743
921	255
406	816
547	240
717	408
241	347
322	36
393	449
793	280
142	627
147	399
719	354
832	904
902	195
239	933
191	947
609	913
816	66
644	933
591	487
179	255
486	480
419	655
76	188
624	95
910	712
254	335
955	842
147	962
709	493
441	721
330	785
698	890
162	54
788	581
364	37
852	242
817	435
318	762
514	915
610	504
156	463
811	956
817	275
986	476
147	158
335	551
258	205
159	960
685	974
865	763
333	222
82	183
604	583
776	648
981	306
540	71
253	877
632	953
710	161
592	809
317	354
974	459
473	668
861	222
524	190
703	204
487	886
970	201
941	945
357	766
633	237
792	281
644	277
817	699
342	359
563	581
654	118
737	992
349	808
841	624
884	483
75	219
926	368
168	612
847	436
656	23
852	999
962	465
438	10
500	668
524	497
581	822
921	847
997	111
947	217
826	535
306	96
755	157
603	841
375	966
714	778
571	638
4	466
594	823
658	862
214	667
753	924
629	719
967	37
272	374
784	612
709	846
742	190
108	796
991	437
798	727
232	357
793	131
920	657
496	397
943	379
479	158
645	191
829	70
167	194
866	398
523	300
344	769
637	127
877	480
515	523
662	409
883	704
536	99
180	639
368	521
713	430
75	728
610	662
23	975
645	234
848	826
842	309
822	195
316	464
988	294
683	624
908	78
326	720
93	745
477	328
862	197
421	98
205	542
725	132
48	718
341	847
837	551
935	107
61	208
53	573
594	145
306	582
578	492
901	17
700	754
863	904
583	207
22	755
81	628
674	127
941	671
996	47
54	721
383	154
344	20
542	985
678	974
149	762
141	718
852	205
848	626
118	979
533	339
480	606
204	638
92	338
814	536
751	132
504	74
332	291
338	428
977	994
962	869
692	980
527	349
467	914
559	156
939	475
523	540
506	300
383	461
812	693
470	237
74	376
755	297
466	398
466	157
791	96
396	996
848	871
233	789
231	184
624	10
792	928
338	542
649	999
589	330
600	828
812	540
751	277
540	308
861	841
33	396
423	677
479	460
444	759
540	927
214	762
962	238
51	910
627	575
955	3
285	618
997	890
237	799
610	424
183	47
355	760
83	797
133	652
532	345
218	344
307	913
132	123
992	36
107	690
656	549
966	819
970	728
974	435
995	212
885	612
633	437
470	959
557	716
430	818
393	150
159	702
881	606
142	791
215	184
490	497
294	115
629	195
696	305
240	923
843	214
102	214
806	139
66	370
441	710
349	466
938	744
71	948
772	458
783	499
618	957
302	365
442	813
821	928
620	384
663	237
897	713
760	129
753	604
333	676
315	606
415	255
509	481
789	734
446	35
682	492
926	980
788	742
875	164
627	733
364	154
628	758
320	763
651	823
548	283
621	919
347	652
491	891
647	928
826	873
950	596
616	506
521	619
913	777
110	379
71	179
493	873
592	418
879	356
713	290
386	528
929	350
777	682
560	176
952	459
430	844
238	371
328	807
91	523
12	217
89	734
790	748
398	997
236	296
943	94
28	301
681	488
461	140
753	78
154	419
940	13
451	859
496	620
622	423
569	215
243	26
143	280
301	781
997	779
884	109
405	667
607	565
198	358
118	541
127	226
350	775
710	979
214	785
65	715
518	436
598	100
736	648
702	5
230	10
187	222
675	411
11	737
358	22
693	207
616	941
456	220
831	672
530	649
459	612
590	748
53	236
823	766
112	95
201	897
671	14
207	939
102	967
742	907
141	650
41	791
855	848
262	440
393	651
301	219
573	15
167	677
728	377
513	887
597	528
203	641
386	991
891	738
533	153
576	626
788	903
168	153
964	40
468	337
443	697
712	458
429	794
223	66
907	405
540	558
539	347
787	34
792	917
645	593
977	36
986	322
912	173
361	735
393	557
67	523
130	580
182	727
609	521
93	825
368	74
13	961
646	494
442	697
584	290
704	937
933	676
285	540
367	383
835	755
420	35
908	260
100	600
430	7
278	743
622	356
51	61
48	332
548	605
556	442
110	841
605	734
619	61
980	998
469	88
649	521
308	175
153	138
247	312
75	341
615	648
908	241
166	289
138	874
959	612
574	713
607	407
154	699
960	243
170	403
319	228
808	261
507	326
727	360
86	848
689	758
641	960
68	227
911	131
903	512
499	855
738	787
406	655
707	789
800	889
629	335
912	880
147	922
903	922
691	354
110	373
813	197
48	106
626	166
25	174
850	833
814	353
20	747
392	148
518	294
406	971
311	248
91	489
855	497
277	915
276	441
948	722
973	151
301	675
265	560
588	220
525	280
238	20
100	481
324	920
80	189
899	822
271	121
617	327
770	216
42	294
863	912
752	168
230	598
193	47
608	337
194	223
979	925
938	43
410	967
825	973
73	112
215	497
647	24
841	772
316	1000
853	134
482	347
295	369
919	514
605	421
224	779
821	898
178	525
94	993
138	987
595	56
805	298
292	704
969	265
247	612
290	604
644	95
464	717
638	746
654	264
733	594
902	256
888	58
951	323
111	754
40	255
631	804
567	768
55	438
82	712
695	377
359	297
185	189
991	154
55	799
428	947
692	240
444	982
463	27
38	660
17	978
329	233
992	941
627	22
892	745
239	177
758	425
944	811
841	684
58	774
800	395
88	904
55	524
991	448
430	743
586	956
240	717
991	893
658	696
398	800
54	692
520	818
705	270
874	700
862	765
420	854
795	988
468	607
374	326
625	255
109	540
777	502
637	957
61	782
380	742
689	103
694	247
976	247
740	434
973	819
612	296
108	559
441	738
894	838
106	201
739	855
241	162
98	812
994	538
148	152
611	513
775	124
618	214
374	110
633	871
486	614
431	147
851	998
97	255
929	62
422	593
678	505
872	4
356	272
789	808
189	945
893	549
575	44
559	596
7	265
492	50
561	617
389	802
381	87
735	382
326	123
20	130
301	435
806	405
658	6
509	660
650	375
528	805
180	954
256	861
173	270
95	318
995	663
800	265
591	710
784	996
563	896
409	136
811	552
144	17
401	986
524	155
160	605
191	853
34	211
394	997
941	240
720	400
352	533
932	988
387	216
463	196
828	482
529	478
486	860
689	909
28	887
856	127
292	543
399	466
358	362
433	975
3	619
938	219
947	414
295	30
373	536
369	393
879	107
671	208
176	461
852	486
432	366
118	88
325	70
269	359
582	500
974	592
210	357
525	265
502	925
503	473
853	662
157	949
513	450
972	771
944	998
266	148
19	813
171	459
264	797
81	805
615	675
794	28
337	966
27	156
572	322
299	736
691	252
442	770
546	765
648	150
56	325
354	737
541	477
342	51
875	312
448	990
792	31
326	546
505	464
966	847
323	562
375	846
523	544
388	45
670	583
133	549
442	910
224	801
363	993
45	164
137	154
623	711
311	101
934	79
399	845
169	903
56	936
752	967
953	284
912	481
72	205
544	91
451	709
872	966
120	494
986	730
632	951
232	236
21	24
709	69
525	875
920	32
31	113
770	367
554	894
801	858
724	395
325	230
536	254
815	614
713	504
218	625
267	299
929	424
617	869
656	729
592	637
719	188
131	769
977	586
368	994
571	741
495	29
535	369
225	607
682	163
883	513
479	2
285	67
556	985
397	476
863	499
26	532
430	177
386	499
310	874
6	579
317	787
666	748
311	348
729	76
573	463
406	80
685	245
429	436
90	559
143	435
235	718
140	388
922	799
483	537
243	519
877	781
92	446
368	521
627	907
7	395
250	668
607	915
216	800
260	299
258	868
154	539
911	510
71	118
25	625
877	789
510	933
470	982
686	146
72	433
192	97
392	822
933	39
426	550
230	647
854	732
712	571
47	512
421	199
622	872
791	370
315	843
710	145
147	964
809	650
285	919
249	426
86	299
376	995
500	100
289	918
960	707
961	937
324	93
210	677
100	349
969	454
642	63
893	984
241	498
648	858
27	664
147	386
814	901
881	317
449	906
365	473
36	293
168	385
949	527
258	419
695	737
818	290
557	852
809	684
541	732
688	911
903	527
170	844
732	720
203	264
44	995
776	707
78	677
346	286
888	920
936	445
41	322
261	483
361	235
959	261
374	347
590	996
191	497
999	509
803	802
110	310
831	570
120	574
254	491
990	978
298	711
45	720
265	875
267	969
268	58
300	624
17	330
762	794
352	400
43	9
418	595
508	737
165	719
308	77
972	537
707	567
667	418
433	803
465	626
515	350
766	602
831	968
620	277
601	259
313	548
695	671
786	149
759	444
820	951
656	699
908	101
829	34
535	868
974	746
267	555
201	342
84	382
446	881
458	591
960	28
320	586
135	564
896	82
450	396
161	549
393	532
218	313
841	510
929	994
33	744
468	354
49	907
881	691
435	623
921	748
57	673
614	749
726	898
958	120
25	685
24	214
523	404
427	907
610	127
173	768
758	363
185	683
872	803
834	549
947	214
124	176
58	805
498	834
609	286
841	826
656	633
324	934
362	455
97	447
484	786
592	610
16	46
578	748
659	408
892	326
744	239
150	928
965	982
326	993
704	672
75	161
751	814
347	496
335	791
951	376
254	832
643	393
928	801
130	905
406	492
839	341
758	194
102	313
91	380
392	32
364	883
893	921
251	788
220	262
844	500
606	410
925	379
961	918
636	600
288	680
515	465
80	568
1	453
669	600
771	833
27	664
752	427
816	83
530	246
398	306
879	58
751	667
831	743
217	470
473	950
777	731
374	28
291	835
71	492
327	25
337	760
120	901
822	916
295	957
128	335
972	328
559	630
644	553
90	143
38	532
890	639
999	328
657	672
357	889
130	571
977	352
138	526
85	290
659	218
741	146
146	891
235	788
910	813
674	743
753	863
372	117
900	423
39	914
690	586
546	279
798	606
333	722
225	574
718	572
987	8
552	614
947	319
438	817
410	889
142	921
977	356
96	340
555	713
461	173
116	309
141	224
257	384
431	818
971	531
249	733
201	682
258	535
22	480
938	104
800	434
775	976
911	633
152	494
672	426
748	599
47	355
808	215
385	27
7	320
823	7
731	324
118	317
586	752
916	438
517	655
429	141
418	863
91	783
737	477
644	990
147	224
989	670
758	468
317	770
253	822
324	12
140	71
218	456
874	927
28	315
639	79
320	885
13	890
106	880
834	65
64	444
715	834
904	393
965	988
289	552
293	10
270	23
400	153
167	591
740	848
826	531
805	771
847	950
779	676
945	993
977	71
336	49
393	671
731	241
266	514
34	745
131	342
122	187
786	431
874	749
485	351
226	496
642	888
236	164
210	897
234	110
855	826
95	727
391	365
482	690
369	667
276	441
300	920
771	44
270	789
191	848
834	760
577	992
603	594
676	155
981	53
835	834
27	799
210	843
442	15
945	78
869	99
99	324
826	900
749	831
689	191
497	723
283	889
636	301
253	139
9	476
15	141
726	627
903	862
545	197
124	438
72	451
956	845
8	708
896	821
191	877
972	390
193	254
883	86
239	521
272	954
831	791
423	190
740	849
641	277
493	48
294	806
932	777
605	339
445	129
687	39
406	960
554	667
645	293
569	317
132	910
201	221
786	106
78	901
932	798
252	141
241	344
209	48
683	867
271	823
600	183
32	352
624	692
714	507
754	803
162	288
167	17
156	120
912	689
800	670
314	949
841	290
223	985
616	394
113	652
629	813
760	115
141	790
371	988
143	145
531	852
912	357
586	701
862	326
619	576
994	349
315	467
846	487
460	759
30	295
971	328
828	513
927	642
107	988
210	516
365	570
653	460
912	927
851	503
995	652
583	91
982	799
930	763
839	617
716	949
409	491
76	700
967	782
363	446
743	462
266	449
641	505
292	582
838	274
29	354
886	805
738	61